#meanGeneralizationError	stdDevGeneralizationError	meanGeneralizationMisclassifiedError	stdDevGeneralizationMisclassifiedError	meanGeneralizationUnclassifiedError	stdDevGeneralizationUnclassifiedError	meanUnlabeledNeuronPercentages	stdDevUnlabeledNeuronPercentages
29.6	10.483484548367594	29.6	10.483484548367594	0.0	0.0	0.0	0.0
33.333333333333336	10.93344547181068	28.933333333333334	9.435564903993361	4.4	3.6915560685023543	7.837037037037038	2.163148402624763
41.2	9.345476501200073	25.333333333333332	8.809608129894247	15.866666666666667	5.986959007786802	24.16477702191987	1.799026121883244
29.066666666666666	8.132240363721015	28.933333333333334	8.115261626365955	0.13333333333333333	0.7302967433402212	0.8854166666666666	1.060797740506817
30.8	8.671793355471522	30.0	8.254570311923132	0.8	1.6273524086899451	2.589531680440772	1.3154089681887957
42.0	10.225053747434828	26.666666666666668	10.039004392637862	15.333333333333334	7.725164135443352	38.62847222222222	1.8774761480833697
35.06666666666667	12.00842616043313	27.333333333333332	11.121068335350714	7.733333333333333	5.650348377012625	14.475308641975309	1.9135287486719037
27.6	8.810651860497982	27.6	8.810651860497982	0.0	0.0	0.0	0.0
28.666666666666668	8.980182523808718	28.666666666666668	8.980182523808718	0.0	0.0	0.27210884353741494	0.7056038849831845
38.53333333333333	10.941012161881403	29.733333333333334	9.435564903993361	8.8	6.676773947411099	20.323176361957522	3.298114864062995
41.6	9.943287460253845	25.6	8.700376527722113	16.0	5.84866621989357	40.93866666666667	2.580515496927901
30.666666666666668	10.256480990030187	29.2	9.404327690502113	1.4666666666666666	2.8735816091365516	4.95069033530572	1.4781332619957832
29.2	9.045478962176208	28.666666666666668	9.341539906037546	0.5333333333333333	1.7366899418212194	1.9666666666666666	1.2452207485597393
42.4	9.546980024395511	24.8	8.429832084064143	17.6	7.093464695006972	24.53168044077136	1.6113449263142787
31.6	9.238599684905232	26.4	8.109594147759758	5.2	4.830934799237386	16.015625	3.1401169922815804
28.666666666666668	8.793937305515279	28.666666666666668	8.793937305515279	0.0	0.0	0.0	0.0
29.866666666666667	8.050415852755611	29.866666666666667	8.050415852755611	0.0	0.0	0.0	0.0
35.733333333333334	10.34219123494774	28.133333333333333	8.692975100157254	7.6	5.690888058690992	11.810841983852363	1.2970275517116163
43.733333333333334	10.071925245995402	25.2	8.67179335547152	18.533333333333335	7.824512029880657	29.584120982986757	2.009632655589571
30.133333333333333	9.55468230884672	29.466666666666665	9.712179816169447	0.6666666666666666	1.5161960871578068	2.2038567493112953	1.1137393055728726
32.53333333333333	10.852405845879437	28.266666666666666	11.11362423686175	4.266666666666667	4.448427334140285	5.9523809523809526	1.5000067819608882
46.8	10.77161019564376	25.466666666666665	9.004724175190729	21.333333333333332	7.884219653220597	40.83333333333333	2.5246704408269127
38.53333333333333	11.385814929516261	26.666666666666668	10.416609195243755	11.866666666666667	6.1685147898536865	19.45	1.3746472901853017
31.6	10.417491921332816	31.6	10.417491921332816	0.0	0.0	0.5442176870748299	0.917911112466946
28.666666666666668	10.189018203635865	28.666666666666668	10.189018203635865	0.0	0.0	0.0	0.0
35.333333333333336	10.716836040205319	28.0	8.725705188377772	7.333333333333333	5.261003793910458	29.156378600823043	3.2102994994834657
45.86666666666667	12.681056557018378	23.866666666666667	10.424551039148692	22.0	8.452708196907603	32.32000000000001	1.133709200687786
31.466666666666665	9.320845504541968	29.466666666666665	9.126442572162961	2.0	3.600766201988031	4.328703703703704	1.596996624636485
29.2	10.564742926519711	28.8	10.577790656484641	0.4	1.2205143065174586	1.3991769547325108	1.1569165507551142
38.8	11.321021033518987	27.866666666666667	11.239503404581946	10.933333333333334	5.245249629727923	35.743801652892564	3.1819014545364808
33.6	9.998620594517199	29.066666666666666	10.342191234947741	4.533333333333333	3.748409624446569	11.570370370370371	2.1089388568731033
30.933333333333334	8.657997432445327	30.933333333333334	8.657997432445327	0.0	0.0	0.0	0.0
31.466666666666665	9.83916639773405	31.466666666666665	9.83916639773405	0.0	0.0	0.0	0.0
33.86666666666667	7.555465404014789	27.733333333333334	7.785633689946051	6.133333333333334	4.032055463949847	10.846354166666666	1.58152258522912
40.0	11.215752469106826	23.733333333333334	8.970962095535809	16.266666666666666	8.847104857964332	39.52479338842976	3.067497474470668
30.8	10.616837635534903	30.4	10.640197042510458	0.4	1.610311599745795	1.4814814814814823	1.0455568451602384
32.93333333333333	11.2001642024088	30.666666666666668	10.469441026258226	2.2666666666666666	2.5042492623171695	8.067061143984223	1.9868543720527942
37.06666666666667	9.961765988477918	28.8	8.559729289950784	8.266666666666667	5.349401083674975	60.29866666666667	4.023595692766681
37.46666666666667	9.482227780335215	26.666666666666668	9.928479875775452	10.8	5.267990521814845	17.18374884579871	1.5525480214582033
26.933333333333334	8.333287356195004	26.933333333333334	8.333287356195004	0.0	0.0	0.0	0.0
29.2	7.658216232391781	29.2	7.658216232391781	0.0	0.0	0.7291666666666666	1.0647584179079062
40.53333333333333	9.020028799301581	28.133333333333333	8.369622136789909	12.4	7.955046110531959	19.3	1.753567791675018
46.53333333333333	10.839688675174793	22.266666666666666	10.275291197596413	24.266666666666666	9.391607894848184	59.437585733882045	4.309639173608304
33.46666666666667	9.881132607611102	30.533333333333335	9.540235424454837	2.933333333333333	3.921060142828488	5.527210884353741	1.3133605230860619
30.266666666666666	10.275291197596411	29.466666666666665	10.839688675174793	0.8	2.2034455776789907	2.865013774104683	1.4515976589427608
32.53333333333333	9.261463849936368	26.533333333333335	9.881132607611102	6.0	5.432977211374105	56.376811594202884	5.105703697273052
35.333333333333336	10.50889059840264	28.0	8.851261355660384	7.333333333333333	4.341724854553047	12.39907727797001	1.6180981585913745
29.066666666666666	8.909248713762466	29.066666666666666	8.909248713762466	0.0	0.0	0.0	0.0
29.866666666666667	7.981588007811276	29.866666666666667	7.981588007811276	0.0	0.0	0.0	0.0
35.733333333333334	9.794204244429928	32.4	10.094723784030055	3.3333333333333335	4.079666427653067	26.197916666666668	7.290576170508646
43.733333333333334	8.657997432445326	24.8	9.477377783710663	18.933333333333334	6.962626007444334	28.027725267800875	1.5276365093547724
27.866666666666667	8.629273886955492	27.866666666666667	8.629273886955492	0.0	0.0	54.96666666666667	6.065637148971944
30.4	9.072884953492485	28.933333333333334	8.955573619292887	1.4666666666666666	2.224213667070142	4.55621301775148	1.319919551571302
48.0	11.50711923564922	21.2	7.585830711676007	26.8	9.918286837609783	35.414201183431956	1.6258735697081759
42.8	11.07466820550706	28.666666666666668	10.403359315984009	14.133333333333333	8.32003536685675	24.45	1.9809436970884573
27.866666666666667	8.303440638481232	27.733333333333334	8.464666249335744	0.13333333333333333	0.730296743340221	0.13605442176870747	0.5177716973519642
29.466666666666665	8.369622136789909	29.466666666666665	8.369622136789909	0.0	0.0	0.0	0.0
33.06666666666667	10.180892628480258	29.866666666666667	10.903126199376958	3.2	4.3817804600413295	38.03497942386832	6.103636852723402
43.2	11.668998125005391	24.8	9.593100969284988	18.4	8.826293008724676	37.01967592592592	2.0786802149827612
31.333333333333332	10.24302397878112	30.533333333333335	10.477342823620797	0.8	1.6273524086899451	3.726851851851852	1.4644590980415981
32.13333333333333	10.839688675174791	31.733333333333334	10.811658245754371	0.4	1.2205143065174584	1.399176954732511	1.1105591237254409
40.93333333333333	8.705659409092826	28.0	9.157623543557424	12.933333333333334	4.025207926377806	27.089947089947096	2.261884593192751
32.93333333333333	10.592558654573253	29.333333333333332	10.256480990030184	3.6	3.838102979696952	8.014814814814816	1.2969930621494479
32.0	11.362369835375985	32.0	11.362369835375985	0.0	0.0	0.0	0.0
33.46666666666667	11.140894947439595	33.46666666666667	11.140894947439595	0.0	0.0	0.0	0.0
34.13333333333333	10.852405845879435	29.733333333333334	10.003217873069245	4.4	4.620792587633754	8.325925925925928	1.8303838653043238
40.8	9.987578492203758	26.133333333333333	6.866878693300599	14.666666666666666	6.994250512376938	22.773998488284203	1.8370612701093736
30.8	10.51239006256837	30.4	10.324393611649832	0.4	1.6103115997457942	1.6460905349794246	1.34980808293959
32.53333333333333	10.170048429455548	29.6	9.430690909709785	2.933333333333333	3.3107279471786693	7.1296296296296315	3.1689036708899176
45.86666666666667	11.49432643654621	24.0	7.353160240144463	21.866666666666667	8.253456259645716	29.826388888888903	1.581606783651615
36.13333333333333	9.881132607611102	27.733333333333334	8.464666249335744	8.4	5.690888058690992	18.611111111111107	3.277553489066098
28.133333333333333	9.065787651777779	28.133333333333333	9.065787651777779	0.0	0.0	0.0	0.0
28.0	8.271263089966869	28.0	8.271263089966869	0.0	0.0	0.27210884353741494	0.8860662968475607
42.13333333333333	9.83916639773405	28.133333333333333	9.93681185718324	14.0	7.105121999001119	20.041666666666668	1.4128159294737277
50.13333333333333	10.750247257247343	23.866666666666667	7.8245120298806565	26.266666666666666	9.198700557906156	35.394477317554234	1.071624434409658
30.666666666666668	10.882866424301799	27.333333333333332	9.746204684241269	3.3333333333333335	5.261003793910457	6.224489795918369	1.524147737339805
27.733333333333334	9.391607894848182	27.6	9.532521466917416	0.13333333333333333	0.730296743340221	2.0	1.203443335628631
41.06666666666667	11.834879290305075	27.733333333333334	8.970962095535809	13.333333333333334	8.933985222397839	65.8979206049149	4.703971034687537
36.0	11.74440439029407	28.133333333333333	10.477342823620795	7.866666666666666	5.894084312686532	14.256055363321797	2.6217072309277243
29.2	6.402585684571184	29.2	6.402585684571184	0.0	0.0	0.0	0.0
27.866666666666667	7.8245120298806565	27.866666666666667	7.8245120298806565	0.0	0.0	0.0	0.0
31.2	10.886245671836834	28.8	10.097456149429677	2.4	2.6986586706528213	45.92848904267589	5.407257245188815
44.8	10.0426675945086	23.733333333333334	9.906226997870245	21.066666666666666	8.064110927899693	29.71064814814815	1.4981378275964394
32.13333333333333	9.065787651777777	31.733333333333334	9.332676495770794	0.4	1.2205143065174586	10.771349862258953	4.99880850985292
33.333333333333336	10.256480990030186	29.333333333333332	8.93398522239784	4.0	4.068381021724862	13.027210884353739	3.3084905348325147
50.4	8.04127284486214	24.8	7.747747169784037	25.6	9.193700992039847	37.983539094650205	1.2501577832090782
39.6	10.311025234151565	24.0	10.609039736843812	15.6	7.228296885302166	23.733938019652303	1.2538413914348545
28.0	8.271263089966869	28.0	8.271263089966869	0.0	0.0	0.8333333333333334	0.8927288495677589
30.933333333333334	9.850374868880435	30.933333333333334	9.850374868880435	0.0	0.0	0.0	0.0
36.13333333333333	8.756212901010121	28.4	9.23859968490523	7.733333333333333	4.919583198867026	30.101569713758078	5.172811410768124
45.333333333333336	7.599153007854339	23.466666666666665	8.253456259645718	21.866666666666667	8.896854668280568	48.40533333333334	1.933622174222172
30.0	8.321140505384152	28.533333333333335	8.253456259645716	1.4666666666666666	2.2242136670701416	5.029585798816568	1.2210902828288657
30.133333333333333	10.17004842945555	29.6	10.640197042510456	0.5333333333333333	1.736689941821219	1.8	1.2148506364839742
44.93333333333333	8.382795736973202	27.6	7.527421136452858	17.333333333333332	7.2270246337944135	25.59228650137741	1.2417259152740656
35.333333333333336	11.654016129816494	30.933333333333334	11.788168625373062	4.4	4.620792587633754	9.934895833333334	1.6338869399127303
32.4	10.781849371145423	32.4	10.781849371145423	0.0	0.0	0.0	0.0
31.2	11.235411997724901	31.2	11.235411997724901	0.0	0.0	0.0	0.0
32.266666666666666	10.553421845244232	26.133333333333333	9.20169899354549	6.133333333333334	5.531934458268166	7.777777777777778	1.4889975370663069
40.666666666666664	10.456258094238747	24.933333333333334	8.642051693392279	15.733333333333333	6.720700565562644	30.6473829201102	2.1322649102695075
29.866666666666667	8.38608590354339	29.466666666666665	8.943243773676432	0.4	1.6103115997457942	1.4403292181069967	1.3400385353558792
30.933333333333334	9.623725471667559	30.533333333333335	9.597892488973038	0.4	1.2205143065174582	3.0324074074074066	1.308539496437285
45.86666666666667	9.950682989324047	24.4	9.590224908369118	21.466666666666665	8.692975100157254	33.946666666666665	1.438517755654526
33.6	10.27081570141407	26.8	8.98427745449295	6.8	5.3717010726391985	49.22437673130194	2.5741685257166327
29.733333333333334	9.376909767167923	29.733333333333334	9.376909767167923	0.0	0.0	0.1851851851851852	0.704744810284618
30.533333333333335	10.210654791166323	30.533333333333335	10.210654791166323	0.0	0.0	0.625	0.9710241660404146
27.733333333333334	9.906226997870245	26.266666666666666	9.435564903993363	1.4666666666666666	2.4597915994335118	67.60833333333333	4.505113633480815
48.4	8.360828205139853	22.933333333333334	8.464666249335744	25.466666666666665	8.943243773676434	35.1232741617357	1.4203113887471566
32.0	9.627546685029047	29.733333333333334	9.376909767167923	2.2666666666666666	2.50424926231717	24.52380952380953	5.919600767718461
28.266666666666666	10.180892628480258	27.066666666666666	10.900595786733268	1.2	2.38385373307375	2.56198347107438	1.378644834960832
43.733333333333334	11.788168625373064	24.266666666666666	10.501012540122789	19.466666666666665	7.62813907497277	27.737870195337106	1.3621928268871883
32.53333333333333	9.669480367357526	26.133333333333333	8.516650358758032	6.4	4.993789246101877	12.237600922722033	1.580406769459473
29.733333333333334	10.54034394954513	29.733333333333334	10.54034394954513	0.0	0.0	0.0	0.0
30.533333333333335	7.8245120298806565	30.533333333333335	7.8245120298806565	0.0	0.0	0.0	0.0
32.93333333333333	10.003217873069243	27.866666666666667	9.186697028793892	5.066666666666666	4.919583198867025	10.416666666666666	2.0525176950005157
38.13333333333333	11.300696754025248	25.733333333333334	9.780111180996037	12.4	7.8853858716506435	35.916824196597354	4.032426707129875
30.666666666666668	9.117370058389053	30.0	8.646306765877277	0.6666666666666666	1.844532149509656	1.8	1.1264836959500921
30.0	10.061877524117696	28.266666666666666	10.0719252459954	1.7333333333333334	2.71564221569745	4.714003944773174	1.267026467721983
42.266666666666666	7.551813362197934	26.266666666666666	9.666627031230675	16.0	8.068670787426022	46.213017751479285	4.231336366860022
37.86666666666667	9.83916639773405	27.333333333333332	8.14241061201857	10.533333333333333	6.431245566780192	17.15604801477378	1.5310098307079314
28.666666666666668	8.409081024592455	28.4	8.810651860497982	0.26666666666666666	1.4605934866804426	0.34013605442176864	0.7735694322233708
27.6	8.491781016228941	27.6	8.491781016228941	0.0	0.0	0.0	0.0
35.86666666666667	8.236727393869456	27.866666666666667	8.435284404719601	8.0	4.578811771778712	14.93827160493827	1.7989462707121802
46.666666666666664	11.232137799200554	25.333333333333332	11.329952166357723	21.333333333333332	10.093812831198345	30.202546296296298	1.61611358737743
29.6	9.775408978127471	27.6	9.873684984463187	2.0	3.107277331329327	4.166666666666667	1.7868542247296586
29.2	8.543600145622209	29.066666666666666	8.594036959681278	0.13333333333333333	0.7302967433402214	0.7291666666666666	0.9825159762966509
32.0	9.27733612182082	29.066666666666666	9.45017180406985	2.933333333333333	3.9210601428284875	58.835978835978835	4.872048610985195
34.666666666666664	10.363508037849671	29.866666666666667	9.261463849936366	4.8	4.626758752271847	15.777777777777779	4.681421665718709
33.06666666666667	10.657467297411815	33.06666666666667	10.657467297411815	0.0	0.0	0.0	0.0
32.8	9.987578492203756	32.8	9.987578492203756	0.0	0.0	0.0	0.0
32.8	9.418983033178813	29.866666666666667	8.896854668280568	2.933333333333333	3.4733798836424374	7.362962962962964	1.5818611380709326
40.8	10.097456149429679	26.8	7.21301505661097	14.0	7.8432927638403465	45.66137566137564	3.7523133464876754
28.8	8.999616850081779	28.666666666666668	9.041411750207024	0.13333333333333333	0.7302967433402213	1.2757201646090541	1.190500591768891
26.133333333333333	9.950682989324049	25.466666666666665	9.936811857183242	0.6666666666666666	1.5161960871578068	3.263888888888889	1.3169844985548622
42.8	11.937769675596284	23.2	8.2311435498314	19.6	8.160459757162942	30.769675925925924	1.1647823386180811
36.266666666666666	10.811658245754371	27.6	8.996551063295463	8.666666666666666	4.212733843572558	13.930041152263373	2.066039225315461
28.0	6.643638388299197	28.0	6.643638388299197	0.0	0.0	0.0	0.0
31.6	8.22779142444301	31.6	8.22779142444301	0.0	0.0	0.6122448979591835	0.9512073463253038
35.733333333333334	9.213682978211725	25.866666666666667	8.186335685398136	9.866666666666667	5.224170175538743	18.84579870729455	1.8510710722844002
48.53333333333333	10.852405845879437	22.666666666666668	8.490698088083718	25.866666666666667	9.080989363284816	35.522682445759365	1.710079528407603
31.733333333333334	8.464666249335744	28.8	9.060714746869472	2.933333333333333	2.958719822576269	4.575936883629192	1.232734816005178
31.066666666666666	8.831500568920921	30.266666666666666	8.768805735274816	0.8	1.9369367924460095	2.1	1.3480509557543976
43.6	11.523888232710346	22.8	9.345476501200073	20.8	10.936809091478569	27.725267800882158	1.5327902035309133
35.86666666666667	10.737409092653055	30.133333333333333	8.771951119151405	5.733333333333333	5.11207720338155	11.380208333333334	2.0199592255757306
28.666666666666668	9.858772859684443	28.666666666666668	9.858772859684443	0.0	0.0	0.0	0.0
29.866666666666667	6.946759767284876	29.866666666666667	6.946759767284876	0.0	0.0	0.0	0.0
34.13333333333333	10.750247257247343	26.933333333333334	10.288706005342354	7.2	5.188847456905482	12.191464821222604	1.979794656887915
40.4	10.47031929823043	24.666666666666668	7.72516413544335	15.733333333333333	6.802298462124115	28.22936357908002	1.5996638296367554
26.933333333333334	8.721488853177073	26.933333333333334	8.721488853177073	0.0	0.0	2.2038567493112953	0.9786669420111734
29.466666666666665	12.494780519476324	27.066666666666666	12.415044636783763	2.4	3.080528391755835	6.751700680272109	1.5375361418162723
29.733333333333334	8.31671907015946	29.466666666666665	8.236727393869456	0.26666666666666666	1.01483252680985	85.41380887059901	2.191631681172972
39.2	9.477377783710663	29.6	7.093464695006972	9.6	7.0152543149516875	32.675	3.1226025286168166
30.933333333333334	9.213682978211727	30.8	9.226648063232856	0.13333333333333333	0.730296743340221	0.8333333333333334	0.7928379115701951
30.266666666666666	8.768805735274814	30.266666666666666	8.768805735274814	0.0	0.0	0.0	0.0
30.533333333333335	9.246558850443373	28.0	8.136762043449725	2.533333333333333	3.7114299998353943	46.68513388734996	4.8895522701661305
48.266666666666666	8.784521392310113	22.133333333333333	8.451620262261626	26.133333333333333	8.186335685398136	33.15733333333333	1.654617224895093
30.0	9.38083151964686	27.733333333333334	8.657997432445326	2.2666666666666666	2.911728167178425	16.574074074074076	4.583744515013136
30.533333333333335	9.186697028793894	30.133333333333333	8.70882759967836	0.4	1.2205143065174577	1.358024691358025	1.2702382021344754
45.06666666666667	11.455862324993065	24.8	8.027538807775695	20.266666666666666	8.594036959681278	24.97933884297521	1.1990470730160383
33.46666666666667	7.894709417173579	27.333333333333332	8.856454234579175	6.133333333333334	5.008498524634342	11.9921875	1.4585217383942328
31.733333333333334	9.508375013760178	31.733333333333334	9.508375013760178	0.0	0.0	0.0	0.0
30.8	8.01033814775502	30.8	8.01033814775502	0.0	0.0	0.0	0.0
35.2	11.284410974192795	30.533333333333335	9.992180851091494	4.666666666666667	4.341724854553047	10.130208333333334	1.8689662855847078
39.06666666666667	10.592558654573253	23.866666666666667	7.537187499478756	15.2	8.16383952941684	26.150137741046827	2.735466230783667
29.6	10.483484548367592	29.466666666666665	10.685902196217521	0.13333333333333333	0.7302967433402213	2.033333333333333	1.5643293888377885
28.933333333333334	8.250113200198646	28.133333333333333	7.8245120298806565	0.8	1.6273524086899451	4.7534516765285995	1.4198065812090293
43.86666666666667	10.890468256717647	30.0	8.452708196907603	13.866666666666667	7.025732669282962	45.69066666666666	2.2602760486480307
36.666666666666664	11.17056888414383	26.266666666666666	10.003217873069245	10.4	6.267595920342156	27.340720221606652	3.9223154378683396
27.866666666666667	7.682193173438362	27.866666666666667	7.682193173438362	0.0	0.0	0.20408163265306117	0.6227113808762541
28.533333333333335	8.32003536685675	28.266666666666666	8.19980375430994	0.26666666666666666	1.01483252680985	1.1458333333333333	1.293253104366668
40.4	13.050564791583172	26.4	10.743402145278395	14.0	6.454081841268602	22.30536659108088	1.5304119246195718
43.46666666666667	11.349413879240588	28.0	9.036325160915421	15.466666666666667	6.0099534299264805	69.70736168267032	1.6473054711577124
32.666666666666664	8.074366990597502	30.4	8.50800839777158	2.2666666666666666	2.50424926231717	6.19047619047619	1.49040151702086
30.4	10.324393611649832	29.466666666666665	10.63414582706408	0.9333333333333333	2.71564221569745	2.506887052341599	1.572321430002999
46.8	9.520938812011606	27.066666666666666	8.115261626365955	19.733333333333334	7.196423121740859	33.52430555555556	1.6822030393227205
34.13333333333333	9.261463849936368	27.333333333333332	8.209890306853966	6.8	4.943822338064427	14.11522633744856	1.5943698055657907
29.2	9.693225504941848	29.2	9.693225504941848	0.0	0.0	0.0	0.0
29.333333333333332	8.022955570857539	29.333333333333332	8.022955570857539	0.0	0.0	0.0	0.0
32.266666666666666	8.657997432445326	31.066666666666666	8.51341065140994	1.2	2.38385373307375	55.77854671280277	5.853435099411182
41.86666666666667	11.96469903459781	22.8	7.9411629479262835	19.066666666666666	9.723534667844898	27.80088216761184	1.327373368393611
31.2	10.206150951332207	30.4	10.270815701414069	0.8	1.9369367924460095	7.933333333333334	4.630731924968183
31.6	8.747807607111309	27.2	8.495028972368447	4.4	3.691556068502354	13.061224489795917	2.22433161250232
47.86666666666667	12.538859138922772	23.466666666666665	8.1186602144788	24.4	11.183732027769869	35.23668639053255	1.0477458547794352
38.53333333333333	11.19030779316401	25.2	10.512390062568368	13.333333333333334	8.022955570857539	20.016666666666666	1.5156274069775886
29.066666666666666	8.721488853177075	29.066666666666666	8.721488853177075	0.0	0.0	0.06802721088435373	0.37260037925521483
29.6	9.661869598474771	29.6	9.661869598474771	0.0	0.0	0.0	0.0
31.466666666666665	8.451620262261626	27.066666666666666	8.448355617732847	4.4	4.49980842504089	32.23251028806583	7.764929607979959
46.53333333333333	9.126442572162963	22.933333333333334	10.016997049268682	23.6	8.360828205139853	34.35733333333334	1.4023795868976148
30.266666666666666	10.48786929260899	28.533333333333335	10.224154406763102	1.7333333333333334	2.9117281671784245	3.078703703703703	1.336205466063494
29.466666666666665	9.065787651777779	29.466666666666665	9.065787651777779	0.0	0.0	1.0699588477366258	0.8412906018037777
42.0	12.283995755621945	26.933333333333334	8.970962095535809	15.066666666666666	7.624521842931092	23.45427059712774	1.7059457501301147
33.46666666666667	9.004724175190727	29.066666666666666	7.926095413616159	4.4	4.247514486184223	8.251851851851852	1.5381991021756165
31.466666666666665	8.050415852755611	31.466666666666665	8.050415852755611	0.0	0.0	0.0	0.0
34.266666666666666	10.644517233131653	34.266666666666666	10.644517233131653	0.0	0.0	0.0	0.0
34.0	10.170952554312157	30.266666666666666	9.435564903993361	3.7333333333333334	3.777732702007395	10.814814814814813	1.7752216617501078
40.53333333333333	9.554682308846719	24.8	8.16383952941684	15.733333333333333	8.19980375430994	21.791383219954646	1.7365059168650212
29.866666666666667	8.253456259645716	29.6	8.244538422076973	0.26666666666666666	1.01483252680985	1.152263374485597	0.7897331233944346
30.266666666666666	9.376909767167923	29.333333333333332	9.237604307034012	0.9333333333333333	1.7207322686083049	3.356481481481482	1.3411743290700262
36.666666666666664	8.005745063577061	25.066666666666666	8.970962095535809	11.6	7.151561199221252	47.806712962962955	4.485126860868598
34.4	8.950438247794699	25.2	8.347619937484556	9.2	4.0886723247663594	15.298353909465021	1.8671908602117717
28.666666666666668	9.400415740378401	28.666666666666668	9.400415740378401	0.0	0.0	0.0	0.0
28.933333333333334	9.947910310222436	28.933333333333334	9.947910310222436	0.0	0.0	0.27210884353741494	0.7056038849831845
37.06666666666667	9.450171804069848	24.8	9.060714746869474	12.266666666666667	6.208633218090887	19.125	1.5643523502913494
43.86666666666667	10.582136324740967	25.733333333333334	9.317885409563004	18.133333333333333	7.482085885326518	48.21499013806705	3.3674640784398826
31.333333333333332	10.134724647377498	28.8	10.042667594508595	2.533333333333333	3.997700488456119	4.8520710059171615	1.7676506302875843
27.066666666666666	10.849863604206508	26.8	10.720267624039733	0.26666666666666666	1.01483252680985	2.533333333333333	1.5698305055298023
39.333333333333336	9.16264279498583	25.333333333333332	9.117370058389053	14.0	6.787412284312881	33.345935727788266	2.6602490647307198
34.4	10.997178321482412	28.133333333333333	9.881132607611102	6.266666666666667	4.417311815817503	11.418685121107265	1.407744298174693
30.133333333333333	7.333124343939503	30.133333333333333	7.333124343939503	0.0	0.0	0.0	0.0
28.533333333333335	7.25749711455789	28.533333333333335	7.25749711455789	0.0	0.0	0.0	0.0
32.266666666666666	10.23494127919187	30.666666666666668	9.76034670573192	1.6	3.0805283917558355	44.35986159169551	5.347730126309342
40.13333333333333	12.22697225705173	29.2	11.7983049630021	10.933333333333334	5.551845504491919	54.49074074074074	2.2795039872085625
27.333333333333332	8.409081024592457	26.8	8.860606346497184	0.5333333333333333	1.382983614567042	3.1680440771349874	1.3393624085753684
32.93333333333333	8.115261626365955	29.733333333333334	7.2536950552131	3.2	3.699021305790176	6.802721088435375	1.5178528307813623
48.93333333333333	15.534019026846751	22.933333333333334	10.913241982780033	26.0	11.638224772793698	37.43941472336533	1.3769040256890934
37.6	9.887644676128856	29.866666666666667	9.612252717175645	7.733333333333333	6.469735022732215	74.41666666666667	4.444743763867248
30.8	7.438946903593463	30.533333333333335	7.537187499478757	0.26666666666666666	1.01483252680985	0.6770833333333334	1.060797740506817
29.2	9.636138874766859	29.2	9.636138874766859	0.0	0.0	0.0	0.0
40.0	11.554966091655585	28.266666666666666	9.032253827002554	11.733333333333333	6.802298462124115	17.534626038781163	1.7031719900930664
44.8	10.367056576915434	24.133333333333333	9.936811857183242	20.666666666666668	8.005745063577063	33.77066666666667	1.5091055431048832
30.0	8.452708196907603	29.333333333333332	8.555431157975065	0.6666666666666666	1.5161960871578064	26.90335305719922	7.062629482280778
28.8	7.383112137004707	28.666666666666668	7.434000794733073	0.13333333333333333	0.7302967433402213	1.9333333333333333	1.142692927446732
36.666666666666664	11.121068335350712	28.8	10.78440764603518	7.866666666666666	5.703799902988648	47.871900826446264	6.429651607529057
34.53333333333333	10.047244718666985	29.2	10.246614243167148	5.333333333333333	4.113336872891042	9.661458333333334	1.4359198430336622
31.866666666666667	7.537187499478757	31.866666666666667	7.537187499478757	0.0	0.0	0.0	0.0
30.8	7.800972529998622	30.8	7.800972529998622	0.0	0.0	0.0	0.0
30.266666666666666	9.49385766342288	29.2	9.166656217339916	1.0666666666666667	2.083321839048751	47.940740740740736	6.906770349210502
43.06666666666667	10.11292560873539	24.533333333333335	8.645243194095668	18.533333333333335	8.303440638481232	25.117079889807155	1.548691993331254
28.4	10.20344769318617	28.266666666666666	10.234941279191872	0.13333333333333333	0.730296743340221	0.9876543209876545	0.9396597470461574
31.866666666666667	10.424551039148694	30.666666666666668	10.416609195243758	1.2	2.605034912731828	3.9583333333333344	1.2785427911474971
38.0	10.061877524117694	25.333333333333332	8.022955570857539	12.666666666666666	6.396838299494919	52.666666666666664	2.107649996025699
35.46666666666667	10.903126199376958	27.2	8.938101318088412	8.266666666666667	5.650348377012625	16.537396121883656	1.1320120078505573
28.933333333333334	9.138525246349156	28.933333333333334	9.138525246349156	0.0	0.0	0.0	0.0
31.6	8.996551063295463	31.466666666666665	9.020028799301578	0.13333333333333333	0.730296743340221	0.6770833333333334	0.7875108328027045
38.13333333333333	10.750247257247343	26.533333333333335	9.00472417519073	11.6	8.360828205139851	21.675	2.6450588286267953
48.666666666666664	9.914577680098766	24.533333333333335	7.91216145250934	24.133333333333333	8.236727393869456	35.004930966469416	1.0963712767915959
28.8	8.813782310715967	28.666666666666668	8.730972744057288	0.13333333333333333	0.7302967433402211	67.49999999999999	4.073157104514663
29.733333333333334	10.54034394954513	29.066666666666666	10.288706005342355	0.6666666666666666	1.5161960871578064	2.7272727272727275	1.1515156060309728
46.666666666666664	11.475110497051446	25.733333333333334	9.836362284325732	20.933333333333334	7.83860179884905	27.347195967233766	1.7277947934862257
32.8	9.301093743618877	25.066666666666666	7.642590882828862	7.733333333333333	5.45156309968848	26.113033448673583	3.632204599930902
31.466666666666665	7.700126883564226	31.466666666666665	7.700126883564226	0.0	0.0	0.0	0.0
30.4	8.04127284486214	30.4	8.04127284486214	0.0	0.0	0.0	0.0
34.0	8.835664407232848	29.733333333333334	8.04698844217548	4.266666666666667	4.193042951771697	9.856770833333334	1.3441263715424996
40.666666666666664	12.388351963349123	23.6	9.474466594029414	17.066666666666666	9.450171804069848	32.64462809917355	1.9106515009246785
30.266666666666666	10.0582213185013	29.733333333333334	9.947910310222436	0.5333333333333333	1.3829836145670416	2.066666666666667	1.5742175578808129
32.0	9.909939280930239	30.266666666666666	10.54034394954513	1.7333333333333334	2.50424926231717	4.299802761341224	1.0980562129690516
30.133333333333333	10.852405845879437	28.0	10.763924422138853	2.1333333333333333	2.5152408993194264	72.4457593688363	3.5996730695345667
38.53333333333333	7.314290845646805	28.0	8.068670787426022	10.533333333333333	6.344877561022578	17.026777469990773	1.413843867828529
27.333333333333332	8.074366990597502	27.333333333333332	8.074366990597502	0.0	0.0	0.20408163265306117	0.6227113808762542
27.6	8.810651860497982	27.6	8.810651860497982	0.0	0.0	0.0	0.0
37.86666666666667	12.056571632940681	30.0	11.104519117349756	7.866666666666666	6.344877561022576	17.26337448559671	1.7959004077866596
46.666666666666664	10.416609195243758	25.733333333333334	9.493857663422878	20.933333333333334	9.435564903993361	29.861111111111104	1.5278594109155466
28.8	8.29790168740225	28.266666666666666	8.464666249335746	0.5333333333333333	1.3829836145670418	2.617079889807164	1.5205393122368212
30.4	9.072884953492487	30.266666666666666	9.138525246349156	0.13333333333333333	0.730296743340221	2.0833333333333335	1.8952451089472586
33.6	10.216956831491057	26.666666666666668	9.415077172329473	6.933333333333334	7.041420964223222	48.813303099017375	5.139542398745693
32.0	9.336616828011282	27.333333333333332	8.209890306853966	4.666666666666667	3.6514837167011076	8.311111111111112	1.5224725022874375
38.93333333333333	8.464666249335744	38.93333333333333	8.464666249335744	0.0	0.0	0.0	0.0
32.53333333333333	10.060963597277704	32.53333333333333	10.060963597277704	0.0	0.0	0.0	0.0
28.8	8.36412701300352	28.266666666666666	8.721488853177073	0.5333333333333333	1.3829836145670418	50.044444444444444	6.686152875342916
40.666666666666664	10.870184889882504	28.266666666666666	9.68088530196929	12.4	5.593099196392788	21.89720332577475	1.7460097437599258
29.866666666666667	8.253456259645716	29.866666666666667	8.253456259645716	0.0	0.0	0.625	0.8800653874610094
30.533333333333335	8.169469375978922	28.666666666666668	8.14241061201857	1.8666666666666667	2.72578154984424	8.310185185185185	2.8163233988435787
43.2	12.535191840684318	24.0	9.157623543557424	19.2	9.650442191047963	29.994212962962955	1.3682944918118132
38.93333333333333	10.234941279191872	27.6	9.298127360592192	11.333333333333334	6.567072162052827	15.15432098765432	1.557722311282947
28.4	9.298127360592192	28.4	9.298127360592192	0.0	0.0	0.0	0.0
27.866666666666667	9.597892488973038	27.866666666666667	9.597892488973038	0.0	0.0	0.27210884353741494	0.7056038849831845
36.0	11.79128842657242	27.866666666666667	11.288484621837922	8.133333333333333	5.302786081852167	28.32871652816252	3.8043649270363433
48.53333333333333	11.05389097771126	22.8	7.213015056610971	25.733333333333334	9.836362284325732	39.48717948717949	2.010713787912276
31.2	10.472953672230657	28.533333333333335	9.438488092447027	2.6666666666666665	3.689064299019312	4.950690335305721	1.6259354499940155
31.733333333333334	9.153606160804953	31.333333333333332	9.282290640797124	0.4	1.2205143065174586	1.8	0.9247553264475439
38.53333333333333	9.306035614082653	24.266666666666666	8.594036959681278	14.266666666666667	6.700145821024233	26.088154269972453	2.353817322152121
35.86666666666667	8.62927388695549	28.8	8.750960538411059	7.066666666666666	5.81871732122878	10.377604166666666	2.071273802248969
31.466666666666665	8.834623631635004	31.466666666666665	8.834623631635004	0.0	0.0	0.0	0.0
30.0	8.897888164789634	30.0	8.897888164789634	0.0	0.0	0.0	0.0
36.0	9.741486114763903	29.333333333333332	8.872014634690418	6.666666666666667	4.618802153517006	12.79123414071511	1.472207488358701
42.8	11.07466820550706	23.733333333333334	8.721488853177075	19.066666666666666	8.046988442175477	27.832388153749203	1.3419147528908688
33.333333333333336	7.671412823766145	32.4	8.227791424443009	0.9333333333333333	1.7207322686083049	3.608815426997246	1.3637586986815944
30.666666666666668	9.117370058389051	28.533333333333335	8.581187657264895	2.1333333333333333	2.5152408993194264	6.411564625850342	1.1809291798025991
42.0	8.709883407113855	25.466666666666665	10.047244718666985	16.533333333333335	7.181073463762507	45.01479289940827	3.3080551979143804
38.8	10.822709202540675	25.733333333333334	9.376909767167923	13.066666666666666	7.642590882828862	22.9	2.2356824152971653
27.2	8.16383952941684	27.066666666666666	8.316719070159458	0.13333333333333333	0.730296743340221	0.9895833333333334	1.0448048991552683
29.6	9.372005268810977	29.6	9.372005268810977	0.0	0.0	0.0	0.0
37.333333333333336	12.129568697262455	26.266666666666666	9.609382388325354	11.066666666666666	7.0218051188022	16.897506925207757	1.6684057158983867
44.666666666666664	11.980827595999262	22.666666666666668	7.671412823766147	22.0	8.254570311923132	35.99466666666667	1.6405796564615207
30.533333333333335	8.565098921800605	30.0	8.709883407113853	0.5333333333333333	1.3829836145670418	2.9629629629629632	1.568099622743499
31.466666666666665	7.333124343939503	30.933333333333334	7.348156387751324	0.5333333333333333	1.7366899418212187	1.6049382716049387	1.381240470338688
43.333333333333336	11.701262334888705	25.2	8.478776749768436	18.133333333333333	9.320845504541968	48.67768595041321	4.857183014447178
32.666666666666664	11.121068335350712	28.666666666666668	10.716836040205322	4.0	3.93042947552414	7.718518518518518	1.5549351070613353
31.466666666666665	7.91216145250934	31.466666666666665	7.91216145250934	0.0	0.0	0.0	0.0
33.2	10.028923688254267	33.2	10.028923688254267	0.0	0.0	0.0	0.0
33.2	8.347619937484557	28.0	8.533908026625115	5.2	4.943822338064428	9.921875	1.7844751126876846
41.733333333333334	9.723534667844898	25.2	8.214369243524759	16.533333333333335	7.482085885326518	25.289256198347104	1.2115651548026622
28.266666666666666	8.064110927899694	27.733333333333334	7.4228599996707905	0.5333333333333333	2.2853858548934634	1.8333333333333333	1.1472105098991154
30.933333333333334	8.464666249335744	29.333333333333332	8.746756377448545	1.6	2.2529673919001847	4.65483234714004	1.6498918169034869
40.0	11.459072598931654	22.666666666666668	8.746756377448543	17.333333333333332	8.293467863047537	41.413333333333334	5.137742247553771
37.733333333333334	10.058221318501298	28.0	8.975061233102036	9.733333333333333	5.21888700866338	16.971375807940902	1.1006856712602935
28.8	8.93810131808841	28.8	8.93810131808841	0.0	0.0	0.2777777777777778	0.8475793795260134
29.733333333333334	7.253695055213101	29.733333333333334	7.253695055213101	0.0	0.0	0.78125	1.0660753737828328
42.8	10.300318039950898	28.666666666666668	10.50889059840264	14.133333333333333	7.407979543677226	22.464096749811027	1.6132650145525569
48.266666666666666	9.332676495770794	20.8	6.9995073718280985	27.466666666666665	8.32003536685675	37.80978509373571	1.3926244272118364
33.86666666666667	9.496762908861442	30.0	9.02104818437567	3.8666666666666667	4.980882994238957	7.074829931972788	1.811210035194888
29.733333333333334	9.077951057496337	29.066666666666666	8.847104857964336	0.6666666666666666	1.5161960871578064	3.333333333333334	1.98303563821757
46.13333333333333	11.542226323623495	25.733333333333334	9.892293529023885	20.4	9.29812736059219	31.417824074074076	2.3079374808503137
33.86666666666667	8.896854668280568	27.6	7.672611388389313	6.266666666666667	5.625884349383986	31.25720876585928	4.394114470174717
28.0	8.725705188377772	28.0	8.725705188377772	0.0	0.0	0.0	0.0
29.466666666666665	8.369622136789907	29.466666666666665	8.369622136789907	0.0	0.0	0.0	0.0
36.0	10.451860088536625	27.733333333333334	10.760506760702604	8.266666666666667	6.119123970056461	12.364475201845444	1.886354013733038
36.666666666666664	11.463084177069222	27.866666666666667	9.768822091607118	8.8	5.886278608940369	60.48519218651541	1.5663085676738642
28.8	9.121403400793103	28.4	9.118378561246889	0.4	1.2205143065174577	1.7666666666666666	1.381736372213908
32.8	9.650442191047963	30.8	9.345476501200073	2.0	2.729152956884052	4.950690335305721	1.218450797909683
47.46666666666667	10.437774017326758	22.933333333333334	7.272685475323987	24.533333333333335	8.771951119151405	37.96351084812624	1.5033160759458708
40.266666666666666	9.566224107669699	27.866666666666667	10.839688675174791	12.4	6.589437734372518	19.875	1.8000838103093786
28.0	9.454063165900024	27.6	9.761288778675162	0.4	1.2205143065174586	2.5850340136054424	3.7490593815057784
27.866666666666667	8.692975100157254	27.866666666666667	8.692975100157254	0.0	0.0	0.0925925925925926	0.5071505162084871
33.733333333333334	11.101206313243413	25.466666666666665	9.992180851091494	8.266666666666667	4.570771709786928	20.853909465020575	3.163867936262674
40.8	8.999616850081782	24.133333333333333	8.169469375978926	16.666666666666668	7.653411830267478	30.098379629629623	1.3335192580366297
29.866666666666667	10.115653057593917	29.333333333333332	10.256480990030184	0.5333333333333333	1.3829836145670416	29.467592592592595	7.67837091533343
29.6	8.177344649532719	29.466666666666665	8.369622136789909	0.13333333333333333	0.730296743340221	1.2757201646090541	0.9984158985697862
32.93333333333333	10.167335572492833	27.733333333333334	9.273370600749793	5.2	4.715345454854893	45.200302343159485	4.940926057372302
34.666666666666664	9.983895077550656	29.733333333333334	10.167335572492833	4.933333333333334	5.323554253039737	8.370370370370368	1.566283025045345
32.0	10.07557647875844	32.0	10.07557647875844	0.0	0.0	0.0	0.0
32.8	9.121403400793104	32.8	9.121403400793104	0.0	0.0	0.0	0.0
32.8	7.5310850067776	29.333333333333332	6.914918072835207	3.466666666666667	3.8928168449730256	7.733333333333333	1.4698908019898531
39.06666666666667	10.798893089294985	23.466666666666665	9.320845504541971	15.6	7.4537655376095096	24.240362811791382	1.6920310726940513
31.2	9.241585175267508	30.666666666666668	9.760346705731921	0.5333333333333333	2.0296650536197	1.2345679012345678	1.1231082127094865
29.466666666666665	11.672937559345026	28.8	11.430147674552106	0.6666666666666666	1.8445321495096558	3.148148148148148	1.1202529412932736
29.333333333333332	9.117370058389053	28.8	9.301093743618877	0.5333333333333333	1.3829836145670418	81.71199999999999	1.9085405147786931
35.86666666666667	10.424551039148692	28.266666666666666	9.68088530196929	7.6	4.4998084250408885	14.465020576131685	1.884788224732639
27.333333333333332	10.134724647377498	27.333333333333332	10.134724647377498	0.0	0.0	0.0	0.0
28.933333333333334	10.221455909973892	28.933333333333334	10.221455909973892	0.0	0.0	0.0	0.0
39.06666666666667	11.101206313243415	28.8	10.83544630145543	10.266666666666667	6.18637732181089	30.416666666666668	3.0181443640586263
41.86666666666667	13.400291642048467	24.0	9.395523512235256	17.866666666666667	9.02002879930158	48.8412228796844	3.1479113834390464
31.466666666666665	11.58992824747458	28.0	11.410823657901481	3.466666666666667	3.8928168449730256	7.023809523809522	1.8742902515390765
30.933333333333334	9.566224107669697	29.733333333333334	9.7235346678449	1.2	2.8088529994312257	2.9201101928374666	1.3154089681887957
42.0	10.170952554312155	24.933333333333334	8.768805735274816	17.066666666666666	7.272685475323987	27.013232514177687	1.3947460286808326
34.8	9.345476501200071	28.933333333333334	8.705659409092824	5.866666666666666	5.008498524634341	12.329873125720873	2.33710168880475
28.666666666666668	7.936529830292734	28.666666666666668	7.936529830292734	0.0	0.0	0.0	0.0
32.266666666666666	6.383887764403894	32.266666666666666	6.383887764403894	0.0	0.0	0.0	0.0
31.066666666666666	11.249316709773158	28.4	11.379352142034	2.6666666666666665	3.5363465789479376	44.42386831275721	6.253692145512455
43.333333333333336	9.914577680098768	26.266666666666666	8.04698844217548	17.066666666666666	8.399233681520094	32.45949074074075	1.5295477853426207
28.933333333333334	7.2536950552131	28.0	7.86085895104828	0.9333333333333333	1.720732268608305	2.6446280991735542	1.07207592084824
35.06666666666667	10.11292560873539	29.733333333333334	9.077951057496335	5.333333333333333	3.5363465789479376	25.64625850340136	4.125236247184506
50.0	9.727316672915116	20.933333333333334	8.768805735274817	29.066666666666666	9.623725471667559	40.12802926383174	1.4399274751440745
42.13333333333333	12.593740463046501	27.6	12.266016974299077	14.533333333333333	6.168514789853687	22.03325774754346	1.2463952203261086
30.533333333333335	9.655205254459748	30.133333333333333	9.379851235249006	0.4	1.2205143065174586	0.9895833333333334	0.8688334636992741
29.866666666666667	7.257497114557889	29.866666666666667	7.257497114557889	0.0	0.0	0.27210884353741494	0.7056038849831845
37.2	12.435765994182624	29.6	11.294185260108636	7.6	5.392203823017591	27.497691597414597	3.8043649270363433
47.733333333333334	11.013888828494538	23.333333333333332	7.936529830292736	24.4	9.05766964016379	32.43733333333333	1.5067639069424132
30.0	10.332406335876225	28.933333333333334	9.892293529023883	1.0666666666666667	2.3331691239426986	34.73372781065089	5.956105256255632
30.533333333333335	9.246558850443371	30.133333333333333	9.320845504541968	0.4	1.2205143065174586	1.9666666666666666	1.4499306364701423
40.666666666666664	10.403359315984009	23.733333333333334	9.450171804069848	16.933333333333334	7.329361515840589	24.979338842975203	1.2436409262102135
34.93333333333333	9.68088530196929	27.866666666666667	9.655205254459748	7.066666666666666	5.112077203381551	26.1328125	4.659748580764578
28.8	9.360223987888766	28.8	9.360223987888766	0.0	0.0	0.0	0.0
33.333333333333336	11.281150996954697	33.333333333333336	11.281150996954697	0.0	0.0	0.0	0.0
30.8	9.520938812011606	29.733333333333334	9.551794680016704	1.0666666666666667	1.7991057804352142	42.786458333333336	3.775747486558886
41.2	10.192627491104234	24.533333333333335	8.32003536685675	16.666666666666668	7.207913913782943	25.957300275482087	1.9961680189361362
29.2	9.226648063232856	28.4	8.935014424085766	0.8	1.9369367924460095	2.098765432098766	1.3029184781324028
28.666666666666668	8.142410612018569	28.133333333333333	8.236727393869456	0.5333333333333333	1.382983614567042	3.055555555555554	1.322654393456426
47.6	9.11837856124689	23.866666666666667	8.565098921800605	23.733333333333334	6.383887764403895	32.63999999999999	1.921838200516764
35.86666666666667	8.756212901010121	24.533333333333335	6.8668786933006	11.333333333333334	6.567072162052826	19.196675900277008	1.9221318192932035
29.6	9.133492741288649	29.333333333333332	9.531556783267026	0.26666666666666666	1.4605934866804426	0.0925925925925926	0.5071505162084872
28.133333333333333	7.682193173438362	28.133333333333333	7.682193173438362	0.0	0.0	0.6770833333333334	0.9782223680926448
39.2	9.707444707986788	25.466666666666665	8.169469375978924	13.733333333333333	8.705659409092826	20.158333333333335	2.373963778786127
46.266666666666666	8.831500568920923	23.2	8.16383952941684	23.066666666666666	8.182965204632723	39.711934156378604	1.5081636128867864
30.0	8.835664407232848	27.866666666666667	8.818997258400648	2.1333333333333333	2.72578154984424	5.357142857142857	1.8746094970279423
27.466666666666665	8.253456259645716	26.933333333333334	7.785633689946052	0.5333333333333333	1.3829836145670416	2.506887052341598	1.2558708256971625
42.266666666666666	11.539836051346398	26.0	8.835664407232848	16.266666666666666	6.554457989813489	32.551984877126635	2.3366109228291534
33.333333333333336	9.703654957809965	26.666666666666668	10.36350803784967	6.666666666666667	5.591454892609968	11.93771626297578	1.7590937148015062
30.0	9.082001906005617	30.0	9.082001906005617	0.0	0.0	0.0	0.0
28.933333333333334	8.448355617732847	28.933333333333334	8.448355617732847	0.0	0.0	0.0	0.0
31.466666666666665	10.2241544067631	26.266666666666666	9.317885409563006	5.2	4.475219123897348	11.302083333333334	1.7406922914106433
41.6	10.324393611649832	24.133333333333333	7.23846684725782	17.466666666666665	8.435284404719603	27.624448645242587	1.6395309508623255
27.6	9.98481605860308	27.2	10.420139650927313	0.4	1.2205143065174586	1.6666666666666667	0.9589266029707683
32.4	9.873684984463189	30.266666666666666	9.551794680016705	2.1333333333333333	2.5152408993194264	5.6804733727810675	1.782613695916159
32.93333333333333	10.112925608735392	30.133333333333333	10.060963597277704	2.8	3.6615429195523754	74.53648915187374	3.3550719889036484
33.86666666666667	9.020028799301576	27.2	9.418983033178813	6.666666666666667	4.736747999334079	55.81666666666667	1.9662380206940826
28.133333333333333	10.991323641959545	28.133333333333333	10.991323641959545	0.0	0.0	0.0	0.0
29.733333333333334	7.404254756945301	29.733333333333334	7.404254756945301	0.0	0.0	0.0	0.0
36.0	11.362369835375985	25.866666666666667	8.771951119151407	10.133333333333333	7.55546540401479	14.938271604938278	1.442203163765443
45.733333333333334	9.016969952619162	25.466666666666665	8.236727393869456	20.266666666666666	7.926095413616158	50.97800925925925	3.1011231744276446
30.666666666666668	10.83205120618128	29.466666666666665	10.941012161881403	1.2	2.139932322487696	3.657407407407408	1.3516725156156344
30.133333333333333	9.02002879930158	29.866666666666667	9.080989363284816	0.26666666666666666	1.4605934866804426	1.1111111111111114	0.9368589666074524
41.2	12.69917184375585	26.8	10.138353263550828	14.4	7.972366065959036	23.39380196523053	1.8160940704786341
33.6	8.636729904788956	29.866666666666667	7.407979543677224	3.7333333333333334	4.0593301072394	7.274074074074074	1.3332481880008074
32.0	9.570068280662982	32.0	9.570068280662982	0.0	0.0	0.0	0.0
32.0	11.554966091655585	32.0	11.554966091655585	0.0	0.0	0.0	0.0
30.4	8.636729904788956	28.933333333333334	8.768805735274816	1.4666666666666666	1.9605300714142435	38.37037037037037	8.183783679416267
41.333333333333336	11.378544035500154	26.266666666666666	10.328845892512113	15.066666666666666	8.768805735274816	22.35827664399093	1.531705097497429
31.066666666666666	9.376909767167922	30.8	9.69322550494185	0.26666666666666666	1.01483252680985	1.1458333333333333	1.1557499306938552
29.2	8.798118921208337	26.933333333333334	8.721488853177075	2.2666666666666666	2.9117281671784245	3.7037037037037037	1.0208379488344934
42.666666666666664	11.378544035500155	24.933333333333334	8.316719070159458	17.733333333333334	8.250113200198648	29.317129629629633	1.347668159662528
38.266666666666666	11.491926201298543	26.4	9.133492741288647	11.866666666666667	9.126442572162961	45.98765432098765	2.87025020690814
29.733333333333334	8.577972324238537	29.733333333333334	8.577972324238537	0.0	0.0	0.0	0.0
29.466666666666665	10.102008449444282	29.466666666666665	10.102008449444282	0.0	0.0	0.27210884353741494	0.7056038849831845
38.0	11.49512640358873	26.4	11.772557217880738	11.6	7.228296885302164	17.68236380424746	1.710819070822093
47.06666666666667	12.099966752115431	21.066666666666666	9.332676495770798	26.0	9.321831993987981	36.43984220907298	1.3736693484102835
31.466666666666665	10.43777401732676	30.266666666666666	11.2001642024088	1.2	2.38385373307375	8.934911242603551	4.315737647763759
29.333333333333332	8.159332855306134	28.8	8.095976011958467	0.5333333333333333	1.736689941821219	1.5	0.9001915504970077
42.666666666666664	9.760346705731921	23.866666666666667	9.004724175190729	18.8	9.226648063232858	30.025204788909882	1.8568726451237434
35.333333333333336	12.254016465642188	30.4	10.58821726390171	4.933333333333334	4.417311815817502	9.557291666666666	1.4461435072158793
28.4	8.0925678973002	28.4	8.0925678973002	0.0	0.0	0.0	0.0
28.533333333333335	8.451620262261626	28.533333333333335	8.451620262261626	0.0	0.0	0.0	0.0
36.0	8.662244672059355	28.133333333333333	7.610035721214515	7.866666666666666	6.257317555351154	16.424452133794695	2.176572799266668
42.666666666666664	10.363508037849668	25.733333333333334	7.6245218429310935	16.933333333333334	9.317885409563004	29.111531190926268	1.856153602325784
29.733333333333334	9.138525246349158	28.933333333333334	9.49385766342288	0.8	2.2034455776789907	2.396694214876033	1.4289768051512943
32.266666666666666	8.970962095535807	29.466666666666665	9.482227780335215	2.8	3.5076271574758433	6.853741496598638	1.8306811128832376
39.733333333333334	11.113624236861751	26.8	8.010338147755018	12.933333333333334	6.78199102762976	51.5138067061144	3.7873734378056523
39.06666666666667	10.696223417744173	27.466666666666665	8.89685466828057	11.6	6.916247736932267	20.091666666666665	1.8931402180127788
26.8	9.045478962176212	26.533333333333335	9.246558850443373	0.26666666666666666	1.01483252680985	1.25	0.8607209287808559
30.4	8.950438247794697	30.4	8.950438247794697	0.0	0.0	0.0	0.0
37.86666666666667	9.726371309515935	27.866666666666667	9.82513782770162	10.0	5.918993390655263	16.832871652816248	1.434190218732567
48.8	8.163839529416842	25.6	7.618489306309017	23.2	8.429832084064145	36.336	1.7229197351568948
32.666666666666664	9.341539906037545	32.0	8.851261355660384	0.6666666666666666	1.5161960871578064	3.425925925925926	0.9809632598980252
30.4	9.661869598474771	30.266666666666666	9.666627031230673	0.13333333333333333	0.7302967433402214	1.2345679012345685	1.0252528377004932
35.6	10.470319298230429	28.133333333333333	10.991323641959546	7.466666666666667	5.3287336487059065	44.207988980716244	4.240350757635311
32.93333333333333	7.908674126348967	28.133333333333333	7.38933683428863	4.8	3.9861830329795187	10.46875	1.766099360294045
34.13333333333333	11.300696754025246	34.13333333333333	11.300696754025246	0.0	0.0	0.0	0.0
32.13333333333333	10.264546728435205	32.13333333333333	10.264546728435205	0.0	0.0	0.0	0.0
34.0	8.187458870652156	28.266666666666666	8.399233681520094	5.733333333333333	5.323554253039736	9.4140625	1.992728860690938
39.86666666666667	11.906918688043442	24.4	11.427733959463524	15.466666666666667	6.27932202211921	37.99586776859504	2.3427953899704246
30.666666666666668	6.994250512376937	30.266666666666666	7.177230919941263	0.4	1.2205143065174586	1.5	1.0085838484282528
31.733333333333334	10.91324198278003	29.866666666666667	11.494326436546208	1.8666666666666667	3.2772289949067432	4.339250493096648	1.2938988724036309
46.666666666666664	11.618455394204792	23.333333333333332	8.91853294466402	23.333333333333332	9.341539906037546	33.08799999999999	1.155611198188781
40.53333333333333	10.384781083918888	28.933333333333334	8.705659409092824	11.6	7.672611388389313	17.16528162511542	2.0989233100712306
28.533333333333335	8.581187657264895	28.533333333333335	8.581187657264895	0.0	0.0	0.4761904761904761	1.0285855775382258
29.066666666666666	9.450171804069848	29.066666666666666	9.450171804069848	0.0	0.0	0.5729166666666666	0.8688334636992741
42.266666666666666	12.459405347334819	25.733333333333334	10.48786929260899	16.533333333333335	7.912161452509341	25.336356764928194	1.5390189529782916
50.53333333333333	10.047244718666985	23.733333333333334	9.332676495770794	26.8	7.800972529998623	38.0246913580247	1.7579424167946947
29.866666666666667	10.00597522632777	28.0	9.854108192823036	1.8666666666666667	2.0296650536197	6.479591836734694	1.983492967522085
30.666666666666668	8.80960812989425	29.066666666666666	9.273370600749795	1.6	2.698658670652822	10.110192837465567	5.363381162288421
30.533333333333335	9.93681185718324	28.133333333333333	10.788670089443396	2.4	3.873873584892018	69.97685185185183	3.954985028254761
33.06666666666667	9.153606160804955	27.466666666666665	8.896854668280568	5.6	4.530357373434736	17.92387543252595	3.3268664371307657
28.8	8.36412701300352	28.8	8.36412701300352	0.0	0.0	0.0	0.0
28.533333333333335	6.279322022119208	28.533333333333335	6.279322022119208	0.0	0.0	0.0	0.0
35.46666666666667	8.320035366856752	30.266666666666666	9.609382388325352	5.2	4.7153454548548925	17.220299884659745	4.6766317685587575
42.666666666666664	10.729698820638406	24.666666666666668	8.276819867946672	18.0	10.596030486411669	27.712665406427213	1.3993765991169573
30.533333333333335	8.756212901010123	30.0	8.709883407113853	0.5333333333333333	1.3829836145670418	1.9333333333333333	1.142692927446732
31.333333333333332	10.50889059840264	28.533333333333335	9.261463849936368	2.8	3.8092446531545074	6.411564625850341	1.583551611834664
44.0	9.336616828011282	24.8	7.958513117064189	19.2	6.593622833387237	48.98422090729784	2.1148952670791923
42.0	11.203447745194795	28.133333333333333	9.540235424454837	13.866666666666667	7.700126883564225	19.25	1.7738522272551147
30.266666666666666	8.250113200198646	30.266666666666666	8.250113200198646	0.0	0.0	0.06802721088435373	0.37260037925521483
28.266666666666666	9.623725471667559	28.266666666666666	9.623725471667559	0.0	0.0	0.0	0.0
32.666666666666664	10.296746500994725	29.066666666666666	10.180892628480258	3.6	3.2120462915889534	36.79012345679012	4.810501173204546
43.333333333333336	9.458925116936708	27.066666666666666	8.448355617732847	16.266666666666666	5.747163218273105	53.344	2.484614172503832
29.066666666666666	7.785633689946052	27.6	7.4537655376095096	1.4666666666666666	2.8735816091365516	4.328703703703704	1.576033169704225
29.2	9.345476501200073	28.666666666666668	9.574871326526544	0.5333333333333333	1.7366899418212194	1.604938271604939	1.0826009745295815
40.266666666666666	6.882929074433222	26.133333333333333	6.190834901821337	14.133333333333333	5.630785658008728	22.00302343159486	1.8493741080440413
33.733333333333334	10.0582213185013	29.333333333333332	9.983895077550658	4.4	3.8381029796969526	8.45925925925926	1.7172981971026764
30.4	7.902858496379211	30.4	7.902858496379211	0.0	0.0	0.0	0.0
32.93333333333333	12.235993634759911	32.93333333333333	12.235993634759911	0.0	0.0	0.0	0.0
32.53333333333333	9.839166397734052	28.666666666666668	10.189018203635865	3.8666666666666667	3.4011492310620572	8.148148148148149	1.8577174029432577
41.86666666666667	9.496762908861443	27.333333333333332	8.209890306853966	14.533333333333333	6.926875861122552	29.138321995464853	4.021569169591188
29.2	8.798118921208335	29.066666666666666	9.032253827002554	0.13333333333333333	0.7302967433402213	1.3168724279835402	0.9690311762529642
28.933333333333334	9.258484769652378	27.333333333333332	9.517074794477459	1.6	2.2529673919001847	3.449074074074075	1.145936128753284
36.266666666666666	10.448340351077487	24.266666666666666	8.784521392310115	12.0	8.136762043449725	47.447916666666664	3.1973810787618997
36.8	11.52628181218007	28.666666666666668	10.665229788278431	8.133333333333333	6.516468968397835	13.796296296296298	1.3098332288972725
28.4	9.590224908369118	28.4	9.590224908369118	0.0	0.0	0.0	0.0
29.466666666666665	10.156476898438047	29.466666666666665	10.156476898438047	0.0	0.0	0.20408163265306117	0.6227113808762541
41.733333333333334	10.167335572492835	29.466666666666665	7.964288107387331	12.266666666666667	7.348156387751324	20.325	1.4609131532638446
48.13333333333333	11.530270007106582	23.066666666666666	7.767897391511904	25.066666666666666	11.310456966082723	35.72978303747534	1.1264150287960766
31.866666666666667	9.24655885044337	29.6	9.4890136110317	2.2666666666666666	2.911728167178425	16.58777120315582	3.8488472773107643
29.466666666666665	9.936811857183242	29.333333333333332	9.928479875775453	0.13333333333333333	0.730296743340221	1.7666666666666666	1.1351236704106018
31.2	9.8204571843853	29.2	9.404327690502113	2.0	2.729152956884052	63.44045368620036	4.492262805734907
38.666666666666664	10.832051206181282	30.4	11.43979744214212	8.266666666666667	5.842373946721772	13.875432525951554	1.8113599655983372
28.666666666666668	7.866705630139237	28.666666666666668	7.866705630139237	0.0	0.0	0.0	0.0
27.066666666666666	8.04698844217548	27.066666666666666	8.04698844217548	0.0	0.0	0.0	0.0
36.4	8.810651860497982	31.2	8.16383952941684	5.2	3.661542919552376	11.30334486735871	1.408721559172763
36.266666666666666	9.508375013760176	24.4	7.151561199221251	11.866666666666667	6.846762805847755	49.64120370370369	3.395014863351605
30.4	10.58821726390171	29.466666666666665	10.788670089443395	0.9333333333333333	2.016027731974923	3.1955922865013777	2.1456159264295223
32.0	8.662244672059355	29.066666666666666	9.508375013760176	2.933333333333333	3.9210601428284884	5.78231292517007	1.4758764128314448
51.733333333333334	11.551782466828204	24.933333333333334	8.316719070159458	26.8	10.138353263550828	39.954275262917236	2.204796407218065
36.53333333333333	10.852405845879435	23.733333333333334	10.605572163704334	12.8	7.531085006777599	20.841666666666665	1.7176609663732534
27.466666666666665	8.771951119151408	27.333333333333332	8.856454234579175	0.13333333333333333	0.730296743340221	0.8854166666666666	1.060797740506817
28.4	8.620744827409657	28.4	8.620744827409657	0.0	0.0	0.0	0.0
29.733333333333334	9.780111180996036	29.6	9.887644676128856	0.13333333333333333	0.7302967433402214	80.4432132963989	2.470793332228262
48.0	11.410823657901481	24.533333333333335	11.003865569483496	23.466666666666665	9.02002879930158	32.410666666666664	1.1822565604439004
31.333333333333332	8.730972744057288	29.733333333333334	8.893753458170101	1.6	2.485821865063462	4.398422090729783	1.1595564791196815
32.13333333333333	10.582136324740969	31.733333333333334	10.657467297411815	0.4	1.2205143065174586	2.304526748971194	1.8549238981254563
42.13333333333333	12.853909463884795	24.266666666666666	9.737709612929887	17.866666666666667	8.581187657264897	25.888429752066124	1.3281233710448133
32.8	10.52550269091941	27.733333333333334	8.266814978276546	5.066666666666666	4.193042951771696	10.533854166666666	1.7663476136738143
32.4	9.817647727258894	32.4	9.817647727258894	0.0	0.0	0.0	0.0
33.46666666666667	9.065787651777777	33.46666666666667	9.065787651777777	0.0	0.0	0.0	0.0
35.46666666666667	9.669480367357528	29.333333333333332	9.297138355924117	6.133333333333334	5.117470639595936	35.94074074074074	9.261708999050066
40.0	11.88450164333132	24.933333333333334	10.435130762141338	15.066666666666666	8.250113200198646	24.53168044077135	1.0741791980165634
26.533333333333335	9.482227780335215	26.533333333333335	9.482227780335215	0.0	0.0	17.65432098765432	8.718568323550139
29.866666666666667	10.224154406763102	29.066666666666666	9.623725471667559	0.8	1.9369367924460092	4.537037037037038	1.489789523830711
47.46666666666667	12.372754643621782	22.533333333333335	7.964288107387331	24.933333333333334	10.644517233131653	32.12266666666667	1.2226340511324334
37.2	9.973758673086365	29.066666666666666	8.784521392310111	8.133333333333333	4.6366853003748965	18.024691358024693	5.412762131560648
30.0	8.051557998728976	30.0	8.051557998728976	0.0	0.0	0.0	0.0
28.933333333333334	8.250113200198646	28.933333333333334	8.250113200198646	0.0	0.0	1.1458333333333333	0.9995059842960813
32.4	10.039920318408907	27.066666666666666	8.955573619292887	5.333333333333333	5.181754018924837	45.875	6.158030221336735
39.46666666666667	9.554682308846722	29.066666666666666	9.332676495770794	10.4	5.715073837276053	57.381656804733744	1.960711124937899
32.53333333333333	10.490499259455849	29.866666666666667	10.331516340066324	2.6666666666666665	3.376729016455823	6.003401360544218	1.600466362447676
32.0	8.337700005355815	31.733333333333334	8.464666249335744	0.26666666666666666	1.01483252680985	2.2038567493112944	1.1953379211362118
46.93333333333333	11.261571316017458	24.933333333333334	10.275291197596411	22.0	9.555644657875584	28.059231253938243	1.3046674128812523
35.06666666666667	9.780111180996036	28.133333333333333	8.943243773676432	6.933333333333334	5.349401083674974	12.283737024221455	1.7567451240148113
31.333333333333332	7.359410271226213	31.333333333333332	7.359410271226213	0.0	0.0	0.0	0.0
28.533333333333335	7.981588007811277	28.533333333333335	7.981588007811277	0.0	0.0	0.0	0.0
34.93333333333333	11.973918015573606	28.533333333333335	11.494326436546208	6.4	5.810810377338027	10.15625	1.7318029040544365
43.06666666666667	12.979913748540097	26.0	9.38083151964686	17.066666666666666	7.570055952662225	24.86225895316804	1.3847529198792123
31.866666666666667	9.540235424454837	31.066666666666666	9.43556490399336	0.8	1.9369367924460095	2.1333333333333333	1.4319827906241327
32.53333333333333	9.02002879930158	30.133333333333333	9.839166397734049	2.4	2.6986586706528217	4.556213017751479	1.2733632237656645
44.8	9.87647850127802	23.333333333333332	8.074366990597504	21.466666666666665	8.629273886955492	32.40533333333334	1.7611198109457937
41.06666666666667	10.913241982780033	30.533333333333335	10.634145827064078	10.533333333333333	6.516468968397837	22.10526315789474	2.5527505098531265
29.466666666666665	9.482227780335215	29.466666666666665	9.482227780335215	0.0	0.0	0.27210884353741494	0.8860662968475607
29.866666666666667	9.612252717175647	29.866666666666667	9.612252717175647	0.0	0.0	0.0	0.0
35.2	9.932183841536007	26.666666666666668	8.995528902176073	8.533333333333333	6.621455894357339	14.629629629629632	1.5957427239339947
44.4	6.754819479963662	24.4	7.304226457191141	20.0	7.046642634176441	31.336805555555554	1.6310079749716218
29.6	9.546980024395511	28.8	9.301093743618877	0.8	1.9369367924460092	2.3415977961432515	1.2855265585776865
29.066666666666666	10.605572163704334	28.933333333333334	10.644517233131655	0.13333333333333333	0.7302967433402213	0.5729166666666666	0.7658320591461889
38.666666666666664	13.007513301890205	28.666666666666668	10.561260809442095	10.0	6.868217657668068	37.165532879818585	4.9702708354648575
35.6	10.984628758657127	30.133333333333333	10.80144732745645	5.466666666666667	4.133407489138274	38.59259259259259	2.149248848227626
34.13333333333333	10.852405845879435	34.13333333333333	10.852405845879435	0.0	0.0	0.0	0.0
