#meanGeneralizationError	stdDevGeneralizationError	meanGeneralizationMisclassifiedError	stdDevGeneralizationMisclassifiedError	meanGeneralizationUnclassifiedError	stdDevGeneralizationUnclassifiedError	meanUnlabeledNeuronPercentages	stdDevUnlabeledNeuronPercentages
44.28571428571429	16.609095970747997	44.28571428571429	16.609095970747997	0.0	0.0	0.0	0.0
31.19047619047619	10.854312136382617	30.238095238095234	10.390566645051392	0.9523809523809523	3.1012320389664634	34.07713498622589	3.394945624167091
41.42857142857143	12.914486244574148	28.571428571428573	12.156613477096618	12.85714285714286	9.453765414197955	32.591145833333336	3.397165111423175
61.42857142857142	25.760768059324896	61.42857142857142	25.760768059324896	0.0	0.0	39.387755102040835	6.230572355993231
47.85714285714285	21.31744584927908	47.85714285714285	21.31744584927908	0.0	0.0	35.884773662551446	7.385616688023339
48.33333333333333	12.397834896071611	29.52380952380952	11.368891796488878	18.809523809523807	12.226362153299561	31.697530864197535	2.790343368481383
25.238095238095237	12.262283380893928	23.809523809523807	12.204758669380112	1.4285714285714282	2.9059864440891867	41.9723865877712	2.0669697652759713
72.85714285714286	9.073939763354925	72.85714285714286	9.073939763354925	0.0	0.0	38.125	7.404201393523954
74.76190476190479	14.73831474936735	74.76190476190479	14.73831474936735	0.0	0.0	39.333333333333336	8.209890306853966
26.904761904761894	13.615217576662664	24.999999999999993	13.62382935334704	1.9047619047619042	3.2126888936343114	39.08163265306123	4.920412410160246
41.42857142857142	12.357562850575	25.238095238095237	12.117959600299944	16.190476190476186	12.85075557453725	42.096029547553115	4.828425982520793
34.761904761904766	14.252835728234421	32.85714285714286	14.481418120999567	1.9047619047619047	4.166373435611963	22.366666666666667	4.71595482220276
46.66666666666666	17.96600642371019	46.42857142857142	17.869453884359867	0.23809523809523808	1.3041013273932531	31.770833333333332	5.979227992396466
25.952380952380956	11.48436708353606	21.904761904761905	10.43281061914602	4.047619047619047	5.199514584247187	50.47289504036908	4.9719266461833564
42.38095238095239	12.850755574537246	36.666666666666664	12.262283380893926	5.714285714285712	7.118183987463427	11.180555555555554	2.502858625337209
69.04761904761904	8.247860988423222	69.04761904761904	8.247860988423222	0.0	0.0	55.555555555555586	2.890758581290855E-14
76.19047619047619	10.500047473726218	76.19047619047619	10.500047473726218	0.0	0.0	37.916666666666664	6.754096245387241
24.28571428571429	11.654177155829194	24.04761904761905	11.63655172928185	0.23809523809523808	1.3041013273932527	42.22879684418146	2.6163332446950536
40.238095238095234	13.195244346943982	26.428571428571427	12.03297135866732	13.809523809523807	11.086845032305154	30.20761245674741	4.218488868999672
48.8095238095238	24.319256272811447	48.57142857142856	23.97805705780636	0.23809523809523808	1.3041013273932527	37.5	7.4314395041235635
40.952380952380956	18.938521720900596	39.761904761904766	19.0080664877351	1.1904761904761902	2.7074930127817978	33.3	6.592315275353202
44.2857142857143	15.513722331441235	27.857142857142858	16.065269755884756	16.42857142857143	9.774012276167129	37.49769159741459	3.9225402974393564
24.76190476190476	11.67428791652681	21.904761904761905	11.85374948970067	2.8571428571428563	4.438967616184753	44.6962962962963	4.316445462789261
57.857142857142854	15.39418719180296	57.38095238095238	15.748209390001163	0.47619047619047616	1.812200940731875	16.851851851851848	6.994392531941251
68.5714285714286	17.755870464739008	68.5714285714286	17.755870464739008	0.0	0.0	35.333333333333336	11.021400290698823
44.28571428571427	13.578556593229058	34.52380952380952	11.726914575094334	9.761904761904761	7.615711502784422	16.3265306122449	2.3168372209198003
30.952380952380945	12.05974648734223	24.047619047619047	12.925833655817536	6.904761904761902	6.627553571134634	46.31687242798354	4.215501727223225
45.714285714285715	20.16818796447971	45.00000000000001	20.041301478553176	0.7142857142857142	2.17948983306689	29.50617283950617	5.543480562765558
51.19047619047619	19.681071947676468	50.952380952380956	19.56002088641972	0.23809523809523808	1.3041013273932527	22.312925170068027	6.606119901754166
27.619047619047624	10.054974389301298	24.761904761904763	10.0549743893013	2.8571428571428563	4.438967616184753	45.950520833333336	6.1545473469968535
38.09523809523809	11.912969256239911	35.95238095238095	11.173781348841349	2.142857142857142	3.821307718728028	34.282407407407405	4.009998965796671
69.04761904761904	8.247860988423222	69.04761904761904	8.247860988423222	0.0	0.0	55.555555555555586	2.890758581290855E-14
69.04761904761904	8.247860988423222	69.04761904761904	8.247860988423222	0.0	0.0	55.555555555555586	2.890758581290855E-14
33.09523809523809	10.85431213638262	31.190476190476183	10.85431213638262	1.9047619047619042	3.720217569729911	27.17592592592592	4.737176756402402
36.9047619047619	12.73385516344053	32.14285714285714	12.825631883694658	4.76190476190476	5.414986025563595	48.997395833333336	4.062970553263293
58.57142857142857	20.92175699009115	58.57142857142857	20.92175699009115	0.0	0.0	36.59863945578231	5.276628181095786
42.14285714285714	15.955382900153154	39.52380952380952	16.854443022226842	2.619047619047618	3.9718101197681097	13.3	3.9753551131769433
27.380952380952376	9.20547624345811	25.23809523809524	9.32887531346204	2.142857142857142	3.3292257121385647	66.03878116343489	3.90978161804656
32.14285714285714	17.166445183943665	28.80952380952381	16.188906521031747	3.3333333333333326	5.852194633762043	33.367346938775505	4.850594939415445
74.28571428571429	17.85467963306643	74.28571428571429	17.85467963306643	0.0	0.0	40.53333333333333	8.89685466828057
67.6190476190476	15.997595409270856	67.38095238095237	16.31879508276635	0.23809523809523808	1.3041013273932531	36.388888888888886	9.380275583894107
26.190476190476183	12.059746487342228	25.476190476190474	11.816586425650494	0.7142857142857142	2.17948983306689	46.829629629629636	3.5850944121584427
58.33333333333332	11.267856004361358	34.99999999999999	10.832679205787928	23.333333333333332	10.262791461201973	54.78333333333333	3.4769768213337215
30.238095238095237	12.110698263624572	29.761904761904766	12.312397037414907	0.47619047619047616	1.8122009407318744	33.691460055096414	3.6555063211684033
57.14285714285713	23.27814256297667	56.9047619047619	23.314643498333297	0.23809523809523808	1.3041013273932527	38.385416666666664	6.825390827616587
33.8095238095238	12.43326072757917	28.095238095238095	10.089907816093971	5.714285714285712	5.751112856234982	47.47404844290657	6.926616956273801
23.333333333333332	12.986938348792835	22.619047619047617	13.2750014191662	0.7142857142857142	2.17948983306689	41.40039447731756	3.209078391775711
64.04761904761907	13.459263391926354	64.04761904761907	13.459263391926354	0.0	0.0	35.0	7.628214415734117
69.04761904761904	8.247860988423222	69.04761904761904	8.247860988423222	0.0	0.0	55.555555555555586	2.890758581290855E-14
34.047619047619044	14.612437865415577	31.904761904761905	12.959816275996234	2.142857142857142	3.821307718728028	31.712962962962965	5.598295051027553
31.190476190476186	13.061233652940722	24.761904761904763	13.491902507169268	6.428571428571427	6.319546211627918	40.96885813148789	6.720412633618424
45.0	15.710926645014885	44.76190476190475	15.686645343410916	0.23809523809523808	1.304101327393253	35.3125	5.897951317311742
36.19047619047619	17.689691067625443	35.714285714285715	17.795459968658566	0.47619047619047616	1.8122009407318742	30.6	4.148950843701125
31.666666666666664	12.538937712146787	22.85714285714285	11.471593898531975	8.809523809523807	8.530966347184572	48.10710987996306	5.949325786586644
40.952380952380956	15.460709700795226	32.38095238095239	14.375742594206447	8.571428571428568	7.59643606943891	25.88148148148148	4.597640697772016
75.23809523809523	16.324184677810454	75.23809523809523	16.324184677810454	0.0	0.0	40.833333333333336	11.018531933838169
72.85714285714288	14.698470624698926	72.85714285714288	14.698470624698926	0.0	0.0	32.4	9.817647727258894
22.380952380952376	12.95981627599623	21.190476190476193	12.789000229064799	1.1904761904761902	2.707493012781797	45.78231292517007	2.4992399041744493
36.9047619047619	13.79493595614884	27.380952380952376	12.168667633233209	9.523809523809524	8.663977640901752	40.36008230452675	4.914723638370452
50.238095238095234	19.265482302577496	50.238095238095234	19.265482302577496	0.0	0.0	37.03703703703704	6.476157881830497
59.52380952380952	23.5287218234456	59.285714285714285	23.440072870743908	0.23809523809523808	1.3041013273932527	38.77551020408165	6.295923785037309
47.619047619047606	14.20337518903508	31.666666666666664	12.8164837856094	15.952380952380953	9.128709291752768	21.9921875	3.110063306462546
36.666666666666664	15.208304212067913	36.666666666666664	15.208304212067913	0.0	0.0	37.05234159779614	6.081189086590218
66.66666666666666	9.253132176651489	66.66666666666666	9.253132176651489	0.0	0.0	21.666666666666668	25.200346649686548
66.4285714285714	7.991462721245264	66.4285714285714	7.991462721245264	0.0	0.0	25.0	25.42738138578039
31.904761904761905	13.09486489989197	31.19047619047619	13.19524434694398	0.7142857142857142	2.875556428117491	30.79889807162534	4.5106485387920765
30.238095238095237	13.743827650938794	25.000000000000007	12.962078616290325	5.238095238095236	5.9120141913904805	44.361979166666664	3.5752595045498845
47.61904761904763	14.203375189035082	46.904761904761905	14.732345000354726	0.7142857142857142	2.17948983306689	8.911564625850339	4.778129926569417
47.380952380952394	15.063007865570718	46.90476190476191	15.545820373380044	0.47619047619047616	1.8122009407318744	31.851851851851855	7.0242914457
28.809523809523807	14.945753815696266	21.904761904761905	13.255107142269267	6.9047619047619015	6.627553571134633	51.65637860082305	3.7543396600933314
42.38095238095239	12.29094477577361	34.52380952380951	14.660518405096365	7.857142857142855	6.034734085446922	25.425170068027207	4.988323361211151
76.66666666666666	12.986938348792835	76.66666666666666	12.986938348792835	0.0	0.0	36.266666666666666	9.961765988477916
59.52380952380952	16.06344446817156	59.047619047619044	16.453005318235228	0.47619047619047616	1.8122009407318755	21.203703703703706	7.420765414039945
27.380952380952376	12.594936223920914	24.28571428571429	11.804172737566022	3.0952380952380945	4.849361099459733	44.87407407407407	3.5179686335116043
50.23809523809525	13.972342910501178	29.047619047619047	10.600103124678167	21.19047619047619	10.525150558368809	36.02954755309325	3.930256413046162
44.76190476190477	19.031191602521098	43.571428571428584	19.435198811694868	1.1904761904761902	2.7074930127817973	36.53333333333333	5.563014150330881
63.57142857142859	22.84713450835327	63.095238095238116	22.671919883593212	0.47619047619047616	1.8122009407318744	35.416666666666664	6.41397680222966
53.80952380952382	12.959816275996234	41.904761904761905	10.894758104874768	11.904761904761907	9.441350746446666	61.40715109573239	6.151491800225047
22.857142857142854	11.92281062037696	22.142857142857146	11.915430359304333	0.7142857142857142	2.17948983306689	41.9526627218935	1.8474691739461866
69.76190476190476	12.255107558540848	69.76190476190476	12.255107558540848	0.0	0.0	38.75	7.413291883618514
75.0	9.332017936193413	75.0	9.332017936193413	0.0	0.0	38.75	7.229310550424761
39.761904761904766	12.110698263624574	35.71428571428571	11.714405862654303	4.047619047619047	5.527531162340479	39.70414201183432	5.837765667267924
33.333333333333336	14.078963666465349	26.904761904761905	11.666750443719176	6.428571428571427	7.584847296757541	47.1604938271605	5.848436169153958
39.52380952380951	18.919933276976813	39.52380952380951	18.919933276976813	0.0	0.0	30.905349794238685	5.620062873297123
44.52380952380951	15.770536730215934	40.476190476190474	14.928086273651173	4.047619047619047	5.527531162340478	7.272727272727272	2.249224312362983
46.42857142857144	14.740304128434166	23.57142857142857	10.2998671103662	22.857142857142854	13.050003977016281	38.141666666666666	4.328973823877442
33.095238095238095	13.589349502168778	25.476190476190474	12.255107558540852	7.619047619047616	6.745951253584632	33.74814814814815	4.678777692142817
68.09523809523812	18.82671576155567	68.09523809523812	18.82671576155567	0.0	0.0	42.12962962962964	8.99610072730006
72.14285714285714	13.310295602874124	72.14285714285714	13.310295602874124	0.0	0.0	36.4	11.57166575199362
23.57142857142857	11.586045624024205	23.09523809523809	11.51496491862549	0.47619047619047616	1.812200940731875	46.0374149659864	1.8550349826992385
44.999999999999986	11.278260305751003	27.380952380952372	11.726914575094334	17.619047619047617	10.22844850445809	46.592797783933506	3.59220631333615
34.52380952380952	12.16866763323321	34.52380952380952	12.16866763323321	0.0	0.0	32.766666666666666	3.847823687025795
64.76190476190476	27.564353295541952	64.76190476190476	27.564353295541952	0.0	0.0	40.06802721088437	4.808093409563091
30.476190476190478	11.086845032305156	25.0	11.525146145122504	5.476190476190475	6.680433826184391	42.526041666666664	5.026295237335268
29.04761904761904	13.5179570583254	28.809523809523803	13.718202095425651	0.23809523809523808	1.3041013273932527	37.777777777777786	3.5625231060620575
69.04761904761904	8.247860988423222	69.04761904761904	8.247860988423222	0.0	0.0	55.18518518518521	2.028602064833949
69.04761904761904	8.247860988423222	69.04761904761904	8.247860988423222	0.0	0.0	55.555555555555586	2.890758581290855E-14
29.761904761904763	14.780035478476202	28.095238095238095	14.028890133795798	1.6666666666666663	4.059434122542395	38.726851851851855	3.331353844981214
43.57142857142858	11.463923156184089	31.190476190476186	12.226362153299565	12.38095238095238	10.089907816093971	25.377604166666668	4.0911047062819375
64.52380952380952	26.09214261361769	64.52380952380952	26.09214261361769	0.0	0.0	39.38775510204083	6.589068076880039
44.047619047619044	23.056651868870702	43.80952380952381	22.953409756937134	0.23809523809523808	1.3041013273932531	34.32098765432099	6.463160060636068
52.380952380952394	10.159414317410851	32.14285714285713	9.518676777802757	20.238095238095237	10.28847344857083	31.059670781893008	2.8339518173352403
45.238095238095234	14.570237241618097	37.857142857142854	16.793442304468062	7.380952380952379	8.064512345537995	54.13265306122448	4.203728898930543
48.09523809523808	13.775792561897168	48.09523809523808	13.775792561897168	0.0	0.0	3.466666666666667	4.166643678097502
71.90476190476191	21.216796996319133	71.90476190476191	21.216796996319133	0.0	0.0	40.740740740740755	10.0904100889278
37.61904761904762	12.986938348792838	35.0	11.616375638284932	2.6190476190476186	4.7762509675669405	59.22962962962962	7.148306299906769
43.33333333333334	13.121707835270223	23.80952380952381	11.764360911722804	19.52380952380953	11.853749489700675	43.666666666666664	4.603846467775676
34.285714285714285	12.214364935069915	33.33333333333333	11.912969256239911	0.9523809523809523	2.4696135974411457	31.01928374655647	4.029695848704993
51.42857142857142	18.88891188657972	51.19047619047618	18.952451089472586	0.23809523809523808	1.3041013273932527	26.041666666666668	7.2980780515918315
30.952380952380942	10.991221199986926	24.999999999999996	10.057890142411537	5.952380952380951	7.753080097416156	45.54786620530565	6.696955015792683
28.809523809523807	14.09769538780996	25.952380952380953	13.718202095425648	2.8571428571428563	4.819033340451466	37.63313609467456	4.044976407647645
78.33333333333334	9.833829311155837	78.33333333333334	9.833829311155837	0.0	0.0	36.875	6.63674138466285
68.57142857142857	7.869448491710681	68.57142857142857	7.869448491710681	0.0	0.0	54.0740740740741	5.637958482276945
27.380952380952376	13.141804055761094	26.66666666666666	13.775792561897166	0.7142857142857142	2.17948983306689	37.36111111111112	3.942737475344909
39.285714285714285	13.230751291313078	27.619047619047617	11.368891796488878	11.666666666666666	8.489620548000158	34.452133794694355	5.35257887965812
60.0	23.398755508026905	60.0	23.398755508026905	0.0	0.0	38.541666666666664	5.8078131208852115
36.904761904761905	15.59102275724516	36.666666666666664	15.208304212067913	0.23809523809523808	1.3041013273932531	33.63333333333333	5.653703902406984
51.66666666666667	14.612437865415579	26.666666666666664	12.43326072757917	24.999999999999996	9.701745020310902	34.72760849492152	4.083169326361155
24.761904761904763	12.685406585123122	21.90476190476191	11.85374948970067	2.8571428571428563	4.819033340451466	49.03703703703703	2.6853327127306943
66.90476190476191	18.039300802579078	66.90476190476191	18.039300802579078	0.0	0.0	39.722222222222214	10.872681268048709
77.38095238095238	9.940592951341241	77.38095238095238	9.940592951341241	0.0	0.0	37.5	6.565321642986128
27.142857142857142	10.677275981195137	25.000000000000004	10.897449165334454	2.142857142857143	3.8213077187280278	37.573964497041416	4.846518936929093
37.857142857142854	15.485345277627713	25.238095238095244	12.404928155865848	12.619047619047619	9.689648076678068	42.67489711934157	6.766830540783384
39.76190476190475	16.84922304284529	39.52380952380952	16.538328303457803	0.23809523809523808	1.3041013273932527	23.621399176954736	5.42254406932723
57.14285714285714	19.94009324927005	57.14285714285714	19.94009324927005	0.0	0.0	34.421768707483	7.264636625830399
25.0	13.752358891767123	24.285714285714285	13.733156147154933	0.7142857142857142	2.17948983306689	60.104166666666664	2.7862862834949236
41.66666666666667	14.540018950033163	37.38095238095238	14.246662551422114	4.285714285714284	6.107182467534956	9.0633608815427	2.808771608005031
66.66666666666666	8.247860988423223	66.66666666666666	8.247860988423223	0.0	0.0	26.666666666666668	25.37081317024624
65.23809523809523	8.541271524705088	65.23809523809523	8.541271524705088	0.0	0.0	30.0	24.91364395612199
30.71428571428572	13.150725851802825	30.238095238095237	13.08814556400105	0.47619047619047616	1.8122009407318744	34.46280991735537	4.740870502253149
50.000000000000014	16.882255653392903	35.0	13.177454996965247	15.000000000000004	10.162300104805341	36.471354166666664	3.490064126146633
56.42857142857142	24.91011286065303	56.42857142857142	24.91011286065303	0.0	0.0	37.68707482993198	5.432198217387487
56.19047619047618	24.43833047175634	55.95238095238095	24.3914918465748	0.23809523809523808	1.3041013273932527	41.48148148148149	7.239475739808506
41.42857142857143	13.707510641774826	27.619047619047624	12.11795960029994	13.809523809523814	9.552501935133881	37.993827160493844	4.74099765826825
27.85714285714285	14.930050366321163	26.428571428571427	13.283833756416897	1.4285714285714282	4.745455991642283	41.34122287968442	1.7835165137486213
69.04761904761905	15.045478012759133	69.04761904761905	15.045478012759133	0.0	0.0	35.208333333333336	7.782629678498372
67.85714285714286	17.671448283815682	67.61904761904763	17.469520389025174	0.23809523809523808	1.3041013273932527	41.38888888888888	8.232144267061678
39.76190476190477	14.369622218170498	31.190476190476186	13.718202095425648	8.571428571428568	6.333450620541938	29.629629629629626	4.638423321518523
40.238095238095234	11.935100913940534	29.047619047619044	12.00125100993329	11.190476190476188	9.689648076678068	47.49769159741459	4.958869415419438
39.761904761904766	15.432235166771928	39.523809523809526	15.323549387973033	0.23809523809523808	1.3041013273932531	32.4	6.100310902195746
45.47619047619049	15.29481950321537	45.23809523809525	15.392282324234968	0.23809523809523808	1.3041013273932527	15.625	4.767634009833823
29.52380952380952	12.404928155865848	24.047619047619047	11.173781348841347	5.476190476190475	6.411672735502237	44.083044982698965	4.766623025128178
37.380952380952394	11.361151712671115	35.476190476190474	12.226362153299567	1.9047619047619044	4.166373435611961	34.00462962962963	4.367308865290782
69.04761904761904	8.247860988423222	69.04761904761904	8.247860988423222	0.0	0.0	55.555555555555586	2.890758581290855E-14
72.85714285714288	10.840796613600517	72.85714285714288	10.840796613600517	0.0	0.0	35.833333333333336	8.19570254644988
24.523809523809522	10.558528498048409	23.809523809523807	10.500047473726218	0.7142857142857142	2.17948983306689	41.61735700197239	2.7108410636052755
34.047619047619044	12.255107558540852	26.666666666666668	10.927007089386539	7.380952380952379	8.279795179240885	39.14648212226066	5.413972188942716
55.47619047619046	24.14500918304751	55.47619047619046	24.14500918304751	0.0	0.0	38.645833333333336	6.766549263604132
33.095238095238095	14.827572568716485	32.38095238095238	14.497607525854997	0.7142857142857142	2.17948983306689	33.719008264462815	4.010166336404267
44.52380952380953	11.51496491862549	42.85714285714287	11.563245905719706	1.6666666666666663	4.059434122542395	78.6	2.771934467056387
24.523809523809522	12.816483785609401	23.095238095238095	11.666750443719176	1.4285714285714282	3.4588157007964444	45.42222222222222	3.2500974213384306
63.80952380952381	19.57800160498882	63.80952380952381	19.57800160498882	0.0	0.0	36.57407407407408	8.996100727300062
70.00000000000001	18.981823966569134	70.00000000000001	18.981823966569134	0.0	0.0	36.266666666666666	10.501012540122792
35.238095238095234	13.647483719337258	30.95238095238095	14.928086273651175	4.285714285714284	5.171240777147078	41.122448979591844	4.328395757997981
42.61904761904762	13.972342910501176	26.666666666666668	13.12170783527022	15.952380952380954	9.319441086898891	39.80609418282549	3.9492071737984054
34.76190476190475	11.82402838278096	33.333333333333336	12.204758669380116	1.4285714285714282	2.9059864440891867	10.433333333333334	2.9674479146965296
60.0	22.71197745188222	60.0	22.71197745188222	0.0	0.0	34.96598639455784	8.58738726380026
25.47619047619047	11.361151712671115	21.90476190476191	10.43281061914602	3.5714285714285703	4.498025213731447	51.158854166666664	3.666516594919837
41.66666666666667	8.613062541995967	37.142857142857146	6.866578073577465	4.523809523809523	5.131395730600986	19.722222222222225	3.3706405236065233
69.04761904761904	8.247860988423222	69.04761904761904	8.247860988423222	0.0	0.0	55.555555555555586	2.890758581290855E-14
69.04761904761904	8.247860988423222	69.04761904761904	8.247860988423222	0.0	0.0	55.555555555555586	2.890758581290855E-14
27.142857142857135	11.160652709189737	26.190476190476186	11.306822769670259	0.9523809523809523	2.469613597441145	36.94444444444445	3.1184744553877493
25.952380952380953	11.78677161003378	22.380952380952383	12.68540658512312	3.5714285714285703	5.54870952023094	46.182237600922726	5.439079394887396
55.0	19.05121066302488	55.0	19.05121066302488	0.0	0.0	28.229166666666668	7.258751654018247
39.04761904761905	15.776113627919653	38.33333333333334	15.409417655277666	0.7142857142857142	2.17948983306689	30.166666666666668	4.8072024507294095
31.666666666666668	11.361151712671115	25.47619047619047	10.558528498048409	6.190476190476188	7.200099042767582	47.52539242843952	4.366383148138893
39.523809523809526	12.40492815586585	32.38095238095237	12.959816275996234	7.14285714285714	7.264966110222969	18.945578231292522	4.491501605927547
75.95238095238096	15.970078167279345	75.95238095238096	15.970078167279345	0.0	0.0	36.53333333333333	9.261463849936366
51.19047619047618	14.898593812298568	50.95238095238095	15.208304212067915	0.23809523809523808	1.3041013273932527	9.62962962962963	5.246850975010271
23.80952380952381	11.91296925623991	21.90476190476191	11.553098254878954	1.9047619047619047	4.166373435611962	43.14074074074074	4.851733885651201
48.095238095238095	11.086845032305158	39.285714285714285	11.974345083676592	8.809523809523807	6.131141690446962	74.39166666666667	1.6224228015922473
33.57142857142858	16.043352597308843	33.0952380952381	15.179356204961106	0.47619047619047616	1.8122009407318742	36.22589531680442	4.28656413636782
47.61904761904762	22.61364553934051	47.38095238095239	22.5474192107637	0.23809523809523808	1.304101327393253	36.91358024691358	6.903157624398234
49.76190476190475	13.71820209542565	30.952380952380956	13.569916085454171	18.809523809523807	10.01113618725635	28.713991769547317	3.6756452192166256
23.57142857142857	12.463881668045701	23.09523809523809	12.397834896071611	0.47619047619047616	1.8122009407318744	41.69625246548323	1.9454047830003265
74.28571428571428	10.205488995135811	74.28571428571428	10.205488995135811	0.0	0.0	39.166666666666664	7.509572435293472
76.19047619047619	10.66628547289778	76.19047619047619	10.66628547289778	0.0	0.0	36.666666666666664	7.65172206596088
45.238095238095234	11.764360911722806	39.523809523809526	11.368891796488878	5.714285714285712	6.333450620541938	33.392504930966474	7.456695403197419
33.57142857142857	11.278260305751001	27.142857142857142	11.92281062037696	6.428571428571427	8.035372187573016	47.53171856978086	5.631331561623252
49.52380952380952	19.215190644111793	48.333333333333336	19.645282728280584	1.1904761904761902	3.293807409838672	28.28125	6.214202439670508
48.33333333333334	13.99750321223044	46.19047619047619	14.252835728234423	2.142857142857143	4.2568816662031255	26.433333333333334	5.9520111543586
36.42857142857142	12.350442387379045	24.999999999999996	11.05771437277589	11.428571428571429	7.642615437456058	43.573407202216075	4.152990823444783
34.047619047619044	13.743827650938796	30.47619047619047	12.850755574537247	3.5714285714285703	4.873487423007236	37.31851851851852	4.317707689018609
72.85714285714286	16.070744375146035	72.85714285714286	16.070744375146035	0.0	0.0	42.87037037037039	10.28239342700754
74.28571428571429	13.860671939014544	74.28571428571429	13.860671939014544	0.0	0.0	36.8	8.999616850081777
22.142857142857142	12.062177642792252	21.428571428571427	11.56324590571971	0.7142857142857142	2.17948983306689	47.00680272108843	1.7039611796382927
48.80952380952382	12.871274846040972	25.0	11.826507994506406	23.80952380952381	14.570237241618097	30.606995884773664	3.1756817038271405
47.38095238095238	18.80333917570752	47.38095238095238	18.80333917570752	0.0	0.0	34.279835390946495	5.640599103258407
69.52380952380953	23.94379218383384	69.52380952380953	23.94379218383384	0.0	0.0	42.31292517006804	6.692515723999133
39.761904761904766	10.046222052471405	31.428571428571423	10.376447102389333	8.33333333333333	7.753080097416156	35.1953125	3.800217704283022
32.61904761904761	15.202519020374893	31.9047619047619	15.208304212067915	0.7142857142857142	2.17948983306689	34.6556473829201	4.510648538792078
64.04761904761904	10.69099822819072	64.04761904761904	10.69099822819072	0.0	0.0	35.0	23.30457998496995
67.14285714285714	8.08992388113346	67.14285714285714	8.08992388113346	0.0	0.0	28.333333333333332	25.200346649686548
42.38095238095239	12.57396600754147	38.33333333333334	14.097695387809965	4.047619047619047	4.059434122542395	14.159779614325071	2.835892658174743
24.761904761904766	13.75022657779326	21.66666666666667	12.226362153299563	3.0952380952380945	6.9387927584612665	49.739583333333336	5.265157865377063
58.33333333333334	18.09772258460267	58.33333333333334	18.09772258460267	0.0	0.0	31.29251700680272	6.701094042911048
46.1904761904762	16.216052434437174	46.1904761904762	16.216052434437174	0.0	0.0	26.04938271604938	5.370113468407935
31.66666666666666	11.514964918625488	25.952380952380945	10.356647403358162	5.714285714285713	6.866578073577468	48.01440329218107	6.69791258911698
31.42857142857143	12.941703316374706	27.857142857142854	12.90767300946815	3.5714285714285703	5.222023410619258	40.34013605442177	4.41531313886935
77.14285714285718	13.05000397701628	77.14285714285718	13.05000397701628	0.0	0.0	37.86666666666667	9.612252717175645
63.80952380952382	22.426150078997175	63.80952380952382	22.426150078997175	0.0	0.0	38.611111111111114	11.023360388028658
22.380952380952376	10.399029168494373	21.428571428571423	10.937735621268235	0.9523809523809523	3.101232038966462	48.66666666666666	2.7391179483459727
51.428571428571416	16.288220358559116	25.0	12.962078616290325	26.428571428571427	15.710926645014887	35.0415512465374	2.823770501412755
42.857142857142854	17.696320144518282	42.61904761904761	18.039300802579078	0.23809523809523808	1.304101327393253	35.333333333333336	6.70734714675828
50.23809523809523	19.265482302577492	49.999999999999986	19.403490040621804	0.23809523809523808	1.3041013273932527	34.114583333333336	6.101182653985935
38.095238095238095	13.30809245867251	25.000000000000004	10.734791543025075	13.095238095238097	10.624969815469536	33.93310265282583	4.5985116663314605
27.14285714285715	15.960895210872163	26.42857142857143	16.152641003886092	0.7142857142857142	2.17948983306689	37.083333333333336	3.130184078086707
58.57142857142856	13.707510641774826	58.57142857142856	13.707510641774826	0.0	0.0	17.4074074074074	12.270310599493062
75.95238095238096	9.833829311155839	75.95238095238096	9.833829311155839	0.0	0.0	36.458333333333336	6.15954660407859
32.142857142857146	15.325462798655144	30.000000000000004	15.513722331441235	2.142857142857143	4.651848058449692	48.954635108481256	5.596134197674019
34.047619047619044	11.666750443719174	24.523809523809526	9.869545515813627	9.523809523809522	7.5809804357890345	43.10699588477367	4.919833964116223
44.285714285714285	14.698470624698928	43.57142857142857	15.279474809607311	0.7142857142857142	2.17948983306689	18.065843621399175	5.232641128050065
35.238095238095234	12.573966007541467	34.04761904761905	12.255107558540852	1.1904761904761902	3.293807409838673	27.32782369146006	4.083112647773183
42.142857142857146	12.207160944508072	23.333333333333332	10.262791461201973	18.80952380952381	10.01113618725635	41.05	4.395040308159281
53.57142857142856	13.752358891767123	44.04761904761905	14.540018950033163	9.523809523809522	7.101687594517541	62.96296296296296	5.57722466257659
64.52380952380953	21.75315206303347	64.52380952380953	21.75315206303347	0.0	0.0	40.277777777777764	10.514388365831609
59.761904761904766	11.78677161003378	59.047619047619044	11.086845032305158	0.7142857142857142	2.17948983306689	16.133333333333333	8.369622136789907
20.0	12.357562850575	18.80952380952381	12.226362153299565	1.1904761904761902	3.293807409838673	43.469387755102055	3.065326831337572
48.80952380952382	16.78645667924715	27.85714285714285	11.616375638284932	20.95238095238095	10.600103124678167	33.416435826408126	3.9907522597887337
42.14285714285714	18.977189166361708	41.666666666666664	18.765876068576144	0.47619047619047616	1.8122009407318753	36.96666666666667	7.499348630718369
67.61904761904762	24.07568798710735	67.61904761904762	24.07568798710735	0.0	0.0	38.91156462585035	6.132605540741305
41.904761904761905	13.750226577793258	32.14285714285714	11.974345083676592	9.761904761904761	6.887896280948583	36.067708333333336	7.089626361708708
24.285714285714285	14.236367974926853	23.33333333333333	14.028890133795796	0.9523809523809523	2.4696135974411453	38.37962962962963	2.7773786430996954
69.04761904761904	8.247860988423222	69.04761904761904	8.247860988423222	0.0	0.0	55.555555555555586	2.890758581290855E-14
69.04761904761904	8.247860988423222	69.04761904761904	8.247860988423222	0.0	0.0	54.814814814814845	4.057204129667898
36.42857142857142	13.95554417534908	36.190476190476176	13.5179570583254	0.23809523809523808	1.304101327393253	47.06018518518519	6.210452072886801
37.61904761904762	12.43326072757917	27.380952380952372	10.951131505800236	10.238095238095237	8.322183486198186	36.822916666666664	6.168594765221198
68.57142857142857	21.272006033178453	68.33333333333331	21.27889709106539	0.23809523809523808	1.3041013273932527	41.224489795918366	6.236332339063039
52.85714285714286	19.548024552334255	52.38095238095238	20.057388927143847	0.47619047619047616	1.812200940731874	34.40329218106995	7.026785070488587
53.8095238095238	13.621676919594234	27.142857142857142	11.317191247566251	26.66666666666667	12.001251009933293	26.574074074074073	1.6736094612022814
25.47619047619048	12.953026884309107	24.28571428571429	12.386003769322874	1.1904761904761902	3.293807409838674	45.05102040816326	2.2744125311392547
71.42857142857142	12.300483733185983	71.42857142857142	12.300483733185983	0.0	0.0	32.53333333333333	8.516650358758033
78.33333333333334	14.827572568716485	78.33333333333334	14.827572568716485	0.0	0.0	44.537037037037045	11.406125012922478
35.0	14.328752902700824	29.761904761904763	13.007242790121696	5.238095238095237	6.479908137998116	37.25925925925925	5.20677861001265
43.80952380952382	16.21605243443717	24.52380952380952	11.04710236037659	19.285714285714285	8.420259740812307	39.575	3.9052076195413905
46.19047619047618	12.823345471004473	45.71428571428571	12.527239848128014	0.47619047619047616	1.8122009407318742	61.32231404958677	5.475146119885004
46.666666666666664	22.488822255440184	45.952380952380956	23.405020402917614	0.7142857142857142	2.17948983306689	33.802083333333336	6.4028104377247335
27.619047619047613	12.68540658512312	22.857142857142854	9.265799030188361	4.761904761904761	7.580980435789035	52.09919261822376	4.971054661235229
41.42857142857143	15.285230874912113	36.190476190476176	13.387177230166325	5.238095238095236	5.606537519749293	33.214990138067066	4.766093529630814
74.04761904761905	10.011136187256346	74.04761904761905	10.011136187256346	0.0	0.0	35.625	5.951944770553919
69.28571428571426	7.768193328323316	69.28571428571426	7.768193328323316	0.0	0.0	55.18518518518522	2.0286020648339496
24.999999999999993	9.881422229516017	24.52380952380952	10.046222052471402	0.47619047619047616	2.6082026547865054	37.63888888888889	2.993314176183909
52.38095238095238	12.768348739488307	30.0	15.053271578685974	22.380952380952383	9.138340427849885	27.139561707035757	2.4847174273403327
56.42857142857143	24.12070864429913	55.952380952380956	24.101250572245025	0.47619047619047616	1.8122009407318744	37.65625	6.479488317587942
41.66666666666664	21.31194315278852	40.714285714285694	21.481871315475235	0.9523809523809523	3.1012320389664643	37.5	5.5007836432325865
30.0	12.639092423255837	27.142857142857146	11.774326488191491	2.8571428571428563	4.0231560569646145	67.25761772853186	4.549617782195338
22.85714285714285	12.357562850574999	21.904761904761905	12.290944775773609	0.9523809523809523	2.4696135974411453	43.418367346938766	3.3101631678674157
70.71428571428574	16.918690346481096	70.71428571428574	16.918690346481096	0.0	0.0	32.666666666666664	9.22266074754828
75.95238095238098	9.09008270400023	75.95238095238098	9.09008270400023	0.0	0.0	37.291666666666664	6.663747564936372
40.476190476190474	14.809764041156317	36.19047619047619	14.642506704124896	4.285714285714284	6.917631401592887	20.29585798816568	4.085220009706377
31.66666666666666	11.205227324757136	24.761904761904763	10.0549743893013	6.904761904761902	7.615711502784424	47.22222222222222	5.332916472995045
51.19047619047618	15.363680969717013	50.95238095238095	15.323549387973031	0.23809523809523808	1.304101327393253	30.740740740740737	5.078366160297901
42.85714285714285	15.123232938924879	42.38095238095237	15.115475445242405	0.47619047619047616	1.8122009407318742	2.3809523809523805	3.350547021455524
27.85714285714285	14.205439483092785	24.52380952380952	13.485381003924882	3.3333333333333326	7.673247285429712	51.09375	4.6189765208556235
35.7142857142857	12.722336522310304	34.76190476190475	12.95981627599623	0.9523809523809523	2.469613597441145	28.18181818181818	4.309943244071588
57.38095238095239	12.92583365581754	57.38095238095239	12.92583365581754	0.0	0.0	0.0	0.0
66.66666666666664	7.809603908436202	66.66666666666664	7.809603908436202	0.0	0.0	30.0	24.91364395612199
39.761904761904766	14.1226323684803	39.047619047619044	13.75022657779326	0.7142857142857142	2.17948983306689	36.14325068870524	6.825180422653471
26.428571428571427	11.586045624024205	23.095238095238095	10.88668093230403	3.3333333333333326	4.491501605927546	51.40625	3.6852916568305925
60.71428571428571	22.877915437782463	60.23809523809523	22.87278815949356	0.47619047619047616	1.812200940731875	35.30612244897959	6.803542056959556
47.38095238095239	12.369421180575985	45.714285714285715	12.243138508357841	1.6666666666666663	3.072736193943402	9.958847736625513	3.7239877832062027
37.85714285714286	13.930308089283253	26.428571428571427	14.5480832983792	11.428571428571427	7.642615437456056	40.32921810699589	4.770685913503821
31.190476190476183	12.226362153299565	28.09523809523809	11.399799579292667	3.0952380952380945	4.471873682709232	33.31360946745563	4.329144929242668
77.14285714285715	9.638066680902934	77.14285714285715	9.638066680902934	0.0	0.0	38.333333333333336	6.714091374750996
71.19047619047619	13.327907645778577	71.19047619047619	13.327907645778577	0.0	0.0	33.06666666666667	8.970962095535807
22.857142857142858	9.265799030188361	21.42857142857143	8.798310886449139	1.4285714285714282	3.458815700796444	46.15646258503401	1.5378280144056988
51.190476190476176	10.951131505800236	24.523809523809522	11.205227324757136	26.666666666666668	11.704389267524089	28.891966759002763	2.0292729105816147
38.09523809523809	11.306822769670255	37.857142857142854	11.121173799803364	0.23809523809523808	1.3041013273932527	33.2	6.166651133872952
69.5238095238095	22.737783592977756	69.5238095238095	22.737783592977756	0.0	0.0	40.208333333333336	6.249101946974314
28.809523809523807	12.226362153299561	23.57142857142857	9.952384880696266	5.238095238095237	6.745951253584634	42.237600922722045	5.623591467487952
29.761904761904756	10.458075097301263	29.047619047619044	10.600103124678169	0.7142857142857142	2.17948983306689	38.19444444444444	3.0570790350397146
69.04761904761904	8.247860988423222	69.04761904761904	8.247860988423222	0.0	0.0	55.555555555555586	2.890758581290855E-14
76.19047619047618	8.663977640901749	76.19047619047618	8.663977640901749	0.0	0.0	36.875	5.768056357034927
30.23809523809523	12.816483785609398	28.571428571428566	11.7144058626543	1.6666666666666663	3.600049521383791	34.85207100591717	4.787871341468963
34.047619047619044	15.432235166771928	24.999999999999996	12.40729167463663	9.047619047619046	7.943620239536223	42.72202998846597	6.638285205029522
48.80952380952382	15.132924213831012	47.61904761904763	15.73144308909687	1.1904761904761902	2.7074930127817978	9.947916666666666	4.61479779151906
31.904761904761894	14.738314749367351	30.952380952380945	13.953442911439657	0.9523809523809523	2.469613597441145	34.02203856749311	4.968563022674937
42.619047619047606	13.061233652940725	23.80952380952381	10.500047473726218	18.80952380952381	12.925833655817538	46.05833333333333	6.104578317687604
39.52380952380952	12.685406585123122	30.95238095238096	12.629809210528347	8.571428571428571	8.26206920048544	28.607407407407404	5.473861674271832
72.85714285714288	22.226522376970316	72.85714285714288	22.226522376970316	0.0	0.0	41.851851851851855	12.029420913074008
64.04761904761905	19.265482302577492	64.04761904761905	19.265482302577492	0.0	0.0	24.8	6.9202351963219995
25.71428571428571	11.654177155829194	24.285714285714285	12.243138508357838	1.4285714285714282	3.4588157007964444	44.353741496598644	2.638994448342472
37.61904761904762	14.880870278919653	26.666666666666664	12.146961539507346	10.952380952380953	9.138340427849885	37.56172839506174	3.91844975197603
53.571428571428584	24.93834762501337	53.095238095238116	24.72105699925098	0.47619047619047616	1.812200940731874	38.88888888888889	8.471529634741989
50.95238095238096	24.866521455158335	50.95238095238096	24.866521455158335	0.0	0.0	37.551020408163275	6.309595731181356
52.38095238095238	12.204758669380112	36.666666666666664	14.003786224387456	15.714285714285715	11.471593898531976	51.6796875	4.109924511738324
27.380952380952372	11.726914575094334	25.952380952380945	11.484367083536059	1.4285714285714282	2.9059864440891867	38.1712962962963	2.8515312532306187
69.04761904761904	8.247860988423222	69.04761904761904	8.247860988423222	0.0	0.0	54.81481481481485	4.057204129667895
68.57142857142857	9.112634777975183	68.57142857142857	9.112634777975183	0.0	0.0	51.11111111111112	8.55702331043288
30.952380952380953	14.690488831753724	29.761904761904763	13.666806839763348	1.1904761904761902	3.2938074098386734	36.13425925925927	3.853506826837256
34.76190476190475	14.12885973662382	27.857142857142858	14.328752902700824	6.904761904761903	6.887896280948583	36.770833333333336	5.105234061802674
65.00000000000001	25.05096845250026	65.00000000000001	25.05096845250026	0.0	0.0	41.15646258503404	4.885138431901297
40.71428571428571	19.326266433108348	40.238095238095234	18.896672008466012	0.47619047619047616	1.8122009407318747	34.766666666666666	7.26200947460105
45.476190476190474	15.748209390001158	27.142857142857135	11.623945776356749	18.33333333333333	12.255107558540852	33.120960295475534	3.0860776146220545
22.380952380952383	10.894758104874768	21.42857142857143	10.444046821238517	0.9523809523809523	2.4696135974411453	46.411564625850346	1.7236022711728607
75.71428571428572	14.722390039423164	75.71428571428572	14.722390039423164	0.0	0.0	37.06666666666667	8.657997432445326
69.28571428571429	18.678169941714557	69.28571428571429	18.678169941714557	0.0	0.0	42.96296296296297	10.07457646557375
29.04761904761904	13.775792561897166	25.714285714285708	11.804172737566022	3.3333333333333326	5.543422516152577	38.94814814814814	5.098913759507104
43.333333333333336	14.400198085535168	25.47619047619047	14.122632368480302	17.857142857142858	12.825631883694662	41.891666666666666	4.561686079187987
36.666666666666664	12.959816275996232	34.04761904761905	11.816586425650492	2.6190476190476186	5.131395730600985	20.881542699724523	3.7019229046246607
37.61904761904761	16.453005318235228	37.38095238095238	16.210626888386315	0.23809523809523808	1.3041013273932531	27.242798353909468	5.405069691981557
30.476190476190478	12.290944775773609	24.52380952380952	8.734760194512587	5.95238095238095	5.956484628119956	47.32510288065843	5.130320875848072
41.19047619047618	12.538937712146783	34.28571428571429	12.499120306835886	6.9047619047619015	6.356557047601599	11.242603550295856	2.0673591351137053
74.04761904761905	11.015204981881585	74.04761904761905	11.015204981881585	0.0	0.0	38.958333333333336	6.704052857238199
73.33333333333333	10.764796100839893	73.33333333333333	10.764796100839893	0.0	0.0	37.916666666666664	6.551629612143276
24.28571428571429	13.860671939014544	23.333333333333336	13.387177230166323	0.9523809523809523	2.4696135974411453	41.77514792899407	1.9692554893053915
50.47619047619047	16.01957517059966	35.476190476190474	15.294819503215368	14.999999999999998	10.83267920578793	51.36101499423298	3.24174115461292
55.47619047619048	25.629535580365328	55.47619047619048	25.629535580365328	0.0	0.0	36.71875	6.751810700624609
43.09523809523809	21.096218475515705	42.61904761904761	20.844531355973263	0.47619047619047616	1.8122009407318747	36.43333333333333	5.911317802395635
45.238095238095234	11.764360911722806	26.904761904761905	9.869545515813627	18.333333333333332	11.964546108971847	34.05355493998153	3.5763592078973794
32.85714285714285	12.527239848128012	27.61904761904761	12.959816275996227	5.238095238095236	5.28342825460048	42.41481481481481	4.59467674046483
40.71428571428571	11.433188722448545	40.47619047619047	11.764360911722804	0.23809523809523808	1.3041013273932527	0.6481481481481483	1.1949529643113233
79.28571428571429	12.770644998609377	79.28571428571429	12.770644998609377	0.0	0.0	38.93333333333333	10.34219123494774
44.761904761904766	14.400198085535171	32.38095238095237	12.959816275996232	12.380952380952381	10.432810619146023	15.595238095238091	2.3654660399869125
32.38095238095239	10.894758104874766	25.952380952380956	11.015204981881585	6.428571428571426	7.349235312349462	47.72633744855966	5.480239757619235
44.523809523809526	18.915283311737955	44.28571428571429	18.888911886579717	0.23809523809523808	1.304101327393253	30.000000000000004	6.894015374333157
53.33333333333334	19.46986821317314	53.095238095238095	19.192287234195145	0.23809523809523808	1.3041013273932527	24.42176870748299	7.9037448024450265
25.714285714285715	10.710179837256504	24.047619047619047	10.18535696962259	1.6666666666666663	3.600049521383791	50.625	4.523672692429543
36.42857142857143	11.463923156184089	35.71428571428571	10.937735621268235	0.7142857142857142	2.17948983306689	33.19559228650139	4.5478287710254035
66.66666666666666	9.061004703659371	66.66666666666666	9.061004703659371	0.0	0.0	28.333333333333332	25.200346649686544
69.04761904761904	8.247860988423222	69.04761904761904	8.247860988423222	0.0	0.0	55.555555555555586	2.890758581290855E-14
28.33333333333332	10.525150558368807	27.619047619047606	10.894758104874768	0.7142857142857142	2.17948983306689	38.44907407407406	3.1295642133467205
38.333333333333336	12.650686859620453	29.285714285714274	14.205439483092782	9.047619047619044	7.001893112193729	30.638020833333332	3.912553283635646
66.19047619047619	26.189729799783933	66.19047619047619	26.189729799783933	0.0	0.0	41.360544217687085	6.7139409705389435
57.14285714285713	23.8751149084781	56.90476190476189	24.203230931438174	0.23809523809523808	1.3041013273932527	39.75308641975309	7.891117405225512
35.952380952380956	14.94575381569627	35.0	14.811743823805516	0.9523809523809523	3.1012320389664625	76.49176954732509	3.1911595033797915
25.0	12.548288151710306	22.380952380952383	12.40492815586585	2.6190476190476186	4.392484998988415	42.97619047619048	3.092391578540797
66.42857142857146	17.511431874790215	66.42857142857146	17.511431874790215	0.0	0.0	23.733333333333334	9.794204244429926
77.6190476190476	13.360867652368782	77.6190476190476	13.360867652368782	0.0	0.0	43.7037037037037	10.79367762427308
47.61904761904761	13.698951471010975	31.428571428571434	11.952286093343934	16.19047619047619	9.914009829449855	20.607407407407404	3.339169008379893
41.19047619047618	13.99750321223044	25.0	11.371470653683552	16.19047619047619	10.262791461201974	46.53739612188367	5.04418523394478
37.142857142857146	13.448366083531429	36.42857142857143	13.572076728105468	0.7142857142857142	2.17948983306689	29.033333333333335	4.51421764202173
43.333333333333336	17.08254304941018	42.857142857142854	17.08940764404104	0.47619047619047616	1.8122009407318744	24.0625	6.824362891824434
29.76190476190476	13.794935956148842	23.33333333333333	11.853749489700675	6.428571428571427	6.592064408039917	46.47058823529412	6.382992441579056
28.333333333333332	13.327907645778577	26.190476190476193	11.764360911722804	2.142857142857143	4.256881666203125	37.73175542406311	4.12794806360711
76.90476190476191	12.678470246364219	76.90476190476191	12.678470246364219	0.0	0.0	36.25	5.541769292974196
53.33333333333334	12.117959600299946	52.85714285714286	11.804172737566025	0.47619047619047616	1.8122009407318747	8.125	5.951944770553919
25.476190476190474	13.997503212230445	24.285714285714285	13.604445189837532	1.1904761904761902	2.707493012781797	42.44575936883629	2.8010858985064244
48.80952380952381	17.302553916646836	29.047619047619044	14.76216960406526	19.76190476190476	11.047102360376591	32.489711934156375	4.050181281948402
53.57142857142857	20.612541019744278	53.57142857142857	20.612541019744278	0.0	0.0	35.720164609053505	6.846458002467741
39.28571428571429	12.962078616290327	36.19047619047618	14.153741810028857	3.0952380952380945	5.527531162340478	42.34159779614325	4.812529139690845
53.80952380952381	11.971896091916921	24.285714285714285	13.860671939014544	29.52380952380952	11.213075039498586	32.61666666666667	2.1732437750393134
21.904761904761905	11.244411127720088	20.714285714285715	11.309415780315437	1.1904761904761902	2.7074930127817978	48.99259259259259	2.4778170079765256
67.3809523809524	22.169722565685294	67.14285714285717	21.923672853478443	0.23809523809523808	1.3041013273932527	38.05555555555555	8.160728416807572
75.95238095238096	15.85953176579203	75.95238095238096	15.85953176579203	0.0	0.0	38.53333333333333	9.365134656076053
25.238095238095234	14.497607525855	21.9047619047619	15.231423005568844	3.3333333333333326	4.491501605927546	40.39115646258504	3.331067582701854
36.19047619047619	13.517957058325402	25.95238095238095	12.789000229064797	10.238095238095235	8.322183486198186	43.26869806094183	4.177923252950269
43.80952380952382	16.43160534561694	43.33333333333334	16.453005318235224	0.47619047619047616	1.8122009407318742	31.066666666666666	6.2804202216825855
54.2857142857143	18.907530828395913	54.04761904761906	18.822042767044877	0.23809523809523808	1.304101327393253	31.25	6.704889974411625
27.14285714285715	10.67727598119514	23.571428571428573	11.278260305751004	3.5714285714285707	5.54870952023094	49.75778546712802	5.191027274342437
41.666666666666664	13.406875531521523	36.19047619047619	13.25510714226927	5.476190476190475	8.734760194512589	17.52314814814815	4.177362283522149
69.04761904761904	8.247860988423222	69.04761904761904	8.247860988423222	0.0	0.0	55.555555555555586	2.890758581290855E-14
69.04761904761904	8.247860988423222	69.04761904761904	8.247860988423222	0.0	0.0	55.555555555555586	2.890758581290855E-14
33.33333333333333	12.059746487342226	31.666666666666664	11.666750443719177	1.6666666666666665	3.600049521383791	36.018518518518526	4.723114257268653
29.04761904761904	12.00125100993329	23.333333333333332	10.60010312467817	5.714285714285712	6.866578073577468	42.513020833333336	5.078729379374924
41.904761904761905	13.360867652368784	41.904761904761905	13.360867652368784	0.0	0.0	5.442176870748299	3.4870739055371756
40.0	14.11224731496288	39.523809523809526	14.003786224387456	0.47619047619047616	1.8122009407318747	30.2	4.99240802930154
37.61904761904761	12.001251009933293	29.285714285714278	11.61637563828493	8.33333333333333	7.039481833232673	45.355493998153285	5.435506481260687
40.714285714285715	12.604245121144372	35.238095238095234	12.57396600754147	5.476190476190474	6.131141690446963	25.289115646258498	4.580452173234107
71.66666666666669	16.079864598554874	71.66666666666669	16.079864598554874	0.0	0.0	35.86666666666667	8.818997258400648
68.09523809523809	16.43160534561695	68.09523809523809	16.43160534561695	0.0	0.0	29.351851851851848	7.534627502921188
26.666666666666664	10.600103124678169	25.0	10.23131482047469	1.6666666666666663	3.072736193943402	46.05925925925927	6.049584622307133
45.476190476190474	12.789000229064797	21.666666666666668	9.09008270400023	23.80952380952381	11.912969256239908	38.95	3.835181963043627
31.190476190476186	14.827572568716485	29.999999999999996	13.050003977016283	1.1904761904761902	3.293807409838672	35.86776859504132	4.294889257301068
57.857142857142854	21.661297806458844	57.61904761904762	22.110124649361918	0.23809523809523808	1.304101327393253	35.208333333333336	5.956657689789915
46.9047619047619	13.485381003924884	27.857142857142854	13.043261530698466	19.047619047619047	9.625889712451258	24.41753171856978	2.346269824780736
25.0	13.230751291313078	24.523809523809522	12.953026884309107	0.47619047619047616	1.8122009407318747	41.61735700197239	2.1773403169308327
75.0	11.826507994506404	75.0	11.826507994506404	0.0	0.0	37.916666666666664	5.427156068191308
69.04761904761904	8.247860988423222	69.04761904761904	8.247860988423222	0.0	0.0	55.555555555555586	2.890758581290855E-14
31.9047619047619	13.877585516922531	29.523809523809526	14.003786224387456	2.3809523809523805	3.904801954218101	26.898148148148152	4.085794559766504
25.952380952380956	12.510844463157863	21.66666666666667	8.894433918283854	4.285714285714286	6.917631401592889	50.78431372549019	5.855750491784243
49.76190476190475	21.096218475515705	49.52380952380952	21.050301116737618	0.23809523809523808	1.3041013273932531	33.489583333333336	7.043910217812916
43.333333333333336	14.998631574143024	41.666666666666664	14.7800354784762	1.6666666666666663	3.0727361939434017	10.833333333333334	3.029547972807203
27.142857142857142	12.777531299998797	25.0	11.057714372775889	2.142857142857142	3.8213077187280278	72.74238227146812	2.4868050347531927
40.95238095238095	11.553098254878956	31.904761904761905	13.09486489989197	9.047619047619046	7.248803762927498	37.62962962962963	4.754450164556199
71.90476190476191	20.713294806716323	71.90476190476191	20.713294806716323	0.0	0.0	43.42592592592591	8.20408496270055
75.71428571428572	11.033822992239248	75.71428571428572	11.033822992239248	0.0	0.0	36.666666666666664	7.104009714449193
26.19047619047619	12.059746487342228	24.999999999999996	11.826507994506404	1.1904761904761902	4.229239285119716	41.83431952662722	1.8064973103175643
56.9047619047619	14.708441774766893	37.85714285714286	13.930308089283253	19.04761904761905	10.666285472897778	46.18312757201647	3.4076003353143096
47.38095238095239	20.58976786983318	47.38095238095239	20.58976786983318	0.0	0.0	33.58024691358025	7.031769667178775
63.57142857142858	29.20179011797564	63.57142857142858	29.20179011797564	0.0	0.0	42.31292517006804	5.330785893406881
36.66666666666665	10.894758104874766	27.380952380952383	11.575917959829969	9.285714285714283	9.025337701121337	36.744791666666664	4.551887703258365
29.999999999999996	14.817681584646877	28.809523809523803	14.34511460132578	1.1904761904761902	2.7074930127817978	34.95867768595041	3.593558785385742
66.4285714285714	8.828254175115047	66.4285714285714	8.828254175115047	0.0	0.0	35.0	23.30457998496995
67.6190476190476	9.328875313462042	67.6190476190476	9.328875313462042	0.0	0.0	23.333333333333332	25.370813170246244
36.42857142857143	15.047426782667284	35.952380952380956	15.294819503215368	0.47619047619047616	1.8122009407318747	37.98898071625344	5.817534636751883
28.809523809523803	11.786771610033782	23.80952380952381	11.613851162401966	4.999999999999998	5.976143046671968	45.260416666666664	4.764027490394918
46.90476190476191	18.444367665200204	46.19047619047619	17.966006423710184	0.7142857142857142	2.17948983306689	19.93197278911565	6.557022015866994
45.71428571428573	17.048178614991983	45.23809523809525	16.812637807731203	0.47619047619047616	1.8122009407318742	27.860082304526756	5.760455245833991
30.23809523809523	13.615217576662664	23.095238095238095	10.558528498048409	7.142857142857141	9.379030918551608	47.24279835390946	4.933568783832116
49.523809523809526	14.521857792358958	42.380952380952394	15.115475445242401	7.14285714285714	7.264966110222968	53.66863905325446	7.28879003151156
73.80952380952382	9.441350746446666	73.80952380952382	9.441350746446666	0.0	0.0	37.708333333333336	7.607585635101476
53.8095238095238	14.738314749367355	53.57142857142856	14.740304128434166	0.23809523809523808	1.3041013273932527	14.907407407407407	6.0807034034792515
29.28571428571428	11.61637563828493	26.428571428571427	10.961836426739222	2.8571428571428563	4.819033340451466	43.792592592592584	4.254537890716778
44.28571428571429	12.499120306835886	26.19047619047619	11.461365101225056	18.0952380952381	9.878454389764581	33.90581717451524	3.0175102656913277
41.42857142857143	19.166296949998195	41.42857142857143	19.166296949998195	0.0	0.0	34.5	7.417360809567668
65.4761904761905	21.80162411337203	65.00000000000001	21.823132688452187	0.47619047619047616	2.6082026547865063	35.9375	6.853905726437778
40.47619047619048	12.905401131775736	26.66666666666666	13.517957058325406	13.809523809523812	11.086845032305154	29.008073817762398	3.769806905365372
27.380952380952376	13.2750014191662	25.71428571428571	12.243138508357838	1.6666666666666663	3.072736193943402	39.02777777777778	3.1291213776391444
69.04761904761904	8.247860988423222	69.04761904761904	8.247860988423222	0.0	0.0	55.555555555555586	2.890758581290855E-14
75.0	11.97434508367659	75.0	11.97434508367659	0.0	0.0	37.5	7.521520847678943
39.523809523809526	13.75022657779326	32.61904761904762	12.397834896071613	6.904761904761902	6.356557047601599	19.447731755424066	3.7672067491324093
26.428571428571427	13.675386129271038	21.666666666666668	11.786771610033778	4.76190476190476	6.314904605264174	48.258362168396765	6.315746472976421
54.761904761904766	18.218832942803857	54.523809523809526	18.136565890067942	0.23809523809523808	1.3041013273932527	31.875	7.078683395991776
32.38095238095238	13.49190250716927	30.238095238095237	12.678470246364217	2.142857142857142	3.3292257121385638	27.27272727272727	4.013688661489485
33.8095238095238	13.12170783527022	22.857142857142854	11.31719124756625	10.952380952380956	9.515595801260545	51.55833333333333	6.451638168517455
26.66666666666666	10.764796100839892	23.095238095238088	10.046222052471405	3.57142857142857	4.0882247962309926	41.57037037037037	4.383852615865107
66.66666666666667	20.2320574399245	66.66666666666667	20.2320574399245	0.0	0.0	43.51851851851852	9.60405287893779
71.42857142857143	15.123232938924879	71.19047619047619	15.179356204961106	0.23809523809523808	1.3041013273932527	31.066666666666666	6.448380354430273
23.57142857142857	10.636003016589227	22.857142857142854	10.170952554312155	0.7142857142857142	2.17948983306689	46.19047619047618	1.6340452661388776
47.38095238095237	15.29481950321537	28.571428571428566	15.006449469682577	18.809523809523807	12.081609274628526	29.526748971193413	3.4600701055912517
48.57142857142857	20.92175699009115	48.57142857142857	20.92175699009115	0.0	0.0	34.69135802469136	6.16304032764095
61.42857142857144	23.096042171095807	61.42857142857144	23.096042171095807	0.0	0.0	39.591836734693885	8.330448499404937
37.61904761904762	14.40019808553517	28.571428571428566	12.722336522310304	9.047619047619044	9.366517195942723	34.4921875	5.201633397179488
28.33333333333332	12.510844463157865	28.095238095238084	12.14696153950735	0.23809523809523808	1.3041013273932531	36.94444444444444	3.5522389344502776
65.47619047619048	12.168667633233213	65.47619047619048	12.168667633233213	0.0	0.0	33.70370370370369	14.43805733626374
69.04761904761904	8.247860988423222	69.04761904761904	8.247860988423222	0.0	0.0	55.555555555555586	2.890758581290855E-14
27.619047619047613	12.262283380893926	26.19047619047619	12.059746487342224	1.4285714285714282	2.9059864440891867	38.125	2.6386998319048813
50.71428571428571	14.328752902700824	31.90476190476191	14.00378622438746	18.80952380952381	8.064512345537997	33.24106113033449	2.6647136584052977
55.47619047619049	26.172930381903733	55.47619047619049	26.172930381903733	0.0	0.0	35.520833333333336	7.6539222065342525
47.61904761904762	19.613913591644152	46.90476190476191	19.82358270222038	0.7142857142857142	2.17948983306689	37.0	7.041747432033595
39.523809523809526	14.6184565810681	24.047619047619047	13.195244346943984	15.476190476190478	7.976772519998072	38.07017543859648	3.295064818838382
24.28571428571429	10.031617855111518	23.57142857142857	10.2998671103662	0.7142857142857142	2.17948983306689	45.51020408163265	2.967120323329062
65.71428571428572	16.609095970747994	65.71428571428572	16.609095970747994	0.0	0.0	28.4	9.984816058603078
64.04761904761905	20.418159644197196	64.04761904761905	20.418159644197196	0.0	0.0	41.203703703703695	8.816857732508474
44.523809523809526	15.086349317380083	35.238095238095234	14.028890133795796	9.285714285714283	7.056123657481439	23.007407407407403	4.650668924117074
41.90476190476191	12.404928155865846	24.523809523809522	11.361151712671115	17.380952380952383	8.108026217218583	45.25833333333333	5.178488052100452
35.714285714285715	15.006449469682583	34.761904761904766	14.618456581068102	0.9523809523809523	3.101232038966463	32.03856749311295	4.156006459495014
46.42857142857143	14.005879935429192	43.57142857142857	14.572249566362396	2.8571428571428563	4.819033340451468	12.34567901234568	5.207638546912908
30.95238095238095	14.326706376531321	29.76190476190476	13.66680683976335	1.1904761904761902	3.2938074098386734	67.56172839506173	3.8628960306015494
34.99999999999999	12.632130653284932	30.476190476190474	12.14696153950735	4.523809523809522	5.131395730600987	30.532544378698226	5.736057373045045
75.4761904761905	10.723859980573518	75.4761904761905	10.723859980573518	0.0	0.0	37.291666666666664	4.179219596621073
69.04761904761905	9.806956795822074	69.04761904761905	9.806956795822074	0.0	0.0	37.291666666666664	8.604600647261359
24.04761904761904	7.615711502784424	22.857142857142854	7.118183987463426	1.1904761904761902	2.7074930127817978	41.26232741617357	2.50530313775691
35.71428571428571	16.026895059110778	26.42857142857143	14.056035440379208	9.285714285714283	8.20866160003558	38.36216839677048	4.739812313239971
56.19047619047618	23.40877853504817	56.19047619047618	23.40877853504817	0.0	0.0	38.489583333333336	5.3103338213845115
37.61904761904761	13.647483719337254	36.904761904761905	13.666806839763353	0.7142857142857142	2.17948983306689	30.766666666666666	4.304635299008647
50.95238095238095	11.674287916526808	27.85714285714285	14.081046199376152	23.0952380952381	10.046222052471403	34.07202216066482	1.485514257779803
23.33333333333333	9.914009829449858	21.190476190476193	8.694383582973115	2.142857142857143	4.256881666203125	47.21481481481481	4.010515481331156
66.90476190476191	15.970078167279345	66.66666666666667	16.063444468171554	0.23809523809523808	1.3041013273932527	35.64814814814814	10.292738757126962
71.42857142857146	15.916743272318731	71.1904761904762	15.970078167279349	0.23809523809523808	1.3041013273932527	36.13333333333333	10.737409092653055
29.285714285714278	13.572076728105467	25.95238095238095	12.925833655817536	3.3333333333333317	5.852194633762043	38.65646258503401	4.353381828182595
40.0	12.386003769322878	28.571428571428566	12.583290418172218	11.428571428571427	8.51376333240625	48.75514403292181	4.509570945145602
41.904761904761905	17.867812904156732	39.99999999999999	17.456087460941916	1.9047619047619042	3.7202175697299107	14.40329218106996	5.954709905577458
65.00000000000001	24.482684282925277	65.00000000000001	24.482684282925277	0.0	0.0	38.503401360544224	7.631018376571139
23.80952380952381	10.829972051127193	21.66666666666667	10.185356969622587	2.142857142857142	4.256881666203125	51.40625	3.4248026662570976
37.14285714285713	15.169694593515082	35.95238095238094	14.345114601325779	1.1904761904761902	3.2938074098386734	26.446280991735538	4.867597070910157
60.95238095238093	10.054974389301302	60.95238095238093	10.054974389301302	0.0	0.0	41.666666666666664	11.986582537134604
66.42857142857142	8.82825417511505	66.42857142857142	8.82825417511505	0.0	0.0	25.0	25.42738138578039
33.57142857142858	12.743062579801508	33.095238095238095	12.789000229064799	0.47619047619047616	1.8122009407318744	35.6198347107438	3.9507005789476977
33.33333333333333	13.439641874969064	25.952380952380956	12.08160927462853	7.380952380952379	7.38108480203263	37.877604166666664	5.742350907147921
65.23809523809523	25.495327588196684	65.23809523809523	25.495327588196684	0.0	0.0	42.65306122448981	4.163499876103541
44.523809523809526	17.261833984340488	43.80952380952381	16.958505194395432	0.7142857142857142	2.17948983306689	32.427983539094654	6.377479222263163
47.38095238095239	13.327907645778575	28.095238095238095	11.553098254878952	19.285714285714285	10.299867110366202	35.617283950617285	4.508198894874947
25.952380952380953	11.015204981881585	24.047619047619047	10.525150558368809	1.9047619047619042	3.212688893634311	45.30612244897959	1.7541443797449339
73.57142857142857	13.283833756416898	73.57142857142857	13.283833756416898	0.0	0.0	33.2	10.616837635534903
67.14285714285715	17.75587046473901	66.9047619047619	17.644879656448396	0.23809523809523808	1.3041013273932531	41.29629629629629	10.614709559484531
39.285714285714285	11.215689724165	32.14285714285714	11.525146145122504	7.14285714285714	6.497983230676315	32.87407407407407	4.930485986953666
39.28571428571429	14.377782140587458	25.000000000000007	12.548288151710308	14.285714285714285	7.018624063435965	39.37211449676822	4.637936801631004
39.76190476190477	13.221883494545182	37.85714285714286	12.880384029662444	1.9047619047619047	4.166373435611963	5.566666666666666	2.3879486700041763
49.047619047619044	20.266810498643903	48.57142857142856	19.887084489343266	0.47619047619047616	1.8122009407318744	32.395833333333336	5.772919401787992
25.47619047619047	11.047102360376591	23.809523809523796	10.829972051127191	1.6666666666666663	3.600049521383791	63.713956170703575	2.942731865983125
37.14285714285714	13.707510641774828	34.761904761904766	12.545951195148145	2.3809523809523805	4.331988820450876	19.050925925925924	4.341339269941174
69.04761904761904	8.247860988423222	69.04761904761904	8.247860988423222	0.0	0.0	55.555555555555586	2.890758581290855E-14
73.80952380952381	11.91296925623991	73.80952380952381	11.91296925623991	0.0	0.0	36.875	7.219988418177739
24.047619047619044	9.833829311155837	22.857142857142858	9.638066680902936	1.1904761904761902	3.293807409838672	41.755424063116365	2.69005146972246
50.23809523809523	15.636094466089505	29.523809523809522	16.5383283034578	20.71428571428571	9.064240199103915	33.467078189300416	3.037807174317343
40.95238095238095	21.133713018401924	40.476190476190474	21.24993963093907	0.47619047619047616	1.812200940731874	34.97942386831276	7.9636037068557
33.57142857142858	15.371313201171237	32.85714285714286	14.602401159879854	0.7142857142857142	2.8755564281174912	36.969696969696976	5.163132446064596
50.952380952380956	16.64436697239637	24.28571428571429	13.604445189837529	26.66666666666667	12.850755574537246	37.25833333333333	4.128059645497095
27.14285714285713	10.511211801679229	24.523809523809522	10.558528498048409	2.6190476190476186	3.971810119768111	45.82222222222222	4.207232921390476
60.952380952380956	17.469520389025174	60.238095238095234	17.66480987325694	0.7142857142857142	2.17948983306689	26.111111111111107	7.389025723965594
70.95238095238095	16.77072838365747	70.95238095238095	16.77072838365747	0.0	0.0	39.2	7.676205959393905
46.66666666666666	16.85444302222684	46.190476190476176	17.266929227424153	0.47619047619047616	1.812200940731875	75.66326530612245	3.8464762833854995
31.666666666666668	13.615217576662664	20.714285714285715	12.632130653284932	10.952380952380954	9.515595801260549	50.13850415512466	6.074613200818872
39.76190476190475	14.969278101737862	39.76190476190475	14.969278101737862	0.0	0.0	31.866666666666667	4.939170203470475
51.66666666666666	14.1226323684803	51.42857142857142	14.211630566186052	0.23809523809523808	1.3041013273932531	17.482993197278912	6.665637322574143
26.666666666666664	13.387177230166323	23.8095238095238	12.48973305781596	2.8571428571428563	4.819033340451468	44.479166666666664	4.263972446826885
30.71428571428571	13.546126270850012	29.285714285714278	13.701091764980916	1.4285714285714284	4.358979666133781	33.37962962962963	4.292222795827292
69.04761904761904	8.247860988423222	69.04761904761904	8.247860988423222	0.0	0.0	55.555555555555586	2.890758581290855E-14
69.04761904761904	8.247860988423222	69.04761904761904	8.247860988423222	0.0	0.0	55.555555555555586	2.890758581290855E-14
50.714285714285715	14.205439483092787	42.14285714285713	13.441823457951534	8.571428571428571	8.877935232369506	26.736111111111104	7.496606831405415
25.0	12.40729167463663	22.857142857142858	11.774326488191493	2.142857142857142	3.3292257121385647	47.578125	5.062455100375604
55.00000000000001	21.234755677852757	55.00000000000001	21.234755677852757	0.0	0.0	31.83673469387755	7.869448491710681
43.0952380952381	11.636551729281852	41.666666666666664	12.454467858796269	1.4285714285714282	2.9059864440891867	18.97119341563786	4.658793719023341
40.23809523809523	14.34511460132578	30.238095238095237	11.047102360376591	9.999999999999998	9.112634777975183	42.695473251028815	6.64209030820296
31.190476190476186	10.854312136382617	28.809523809523803	10.854312136382621	2.3809523809523805	4.331988820450877	37.363945578231295	5.479826299100849
76.90476190476191	17.96110949732375	76.90476190476191	17.96110949732375	0.0	0.0	38.93333333333333	10.70911095615618
64.52380952380953	19.265482302577492	64.28571428571429	19.4034900406218	0.23809523809523808	1.304101327393253	39.537037037037045	9.913507748189906
24.285714285714285	11.502225712469965	23.809523809523803	11.461365101225057	0.47619047619047616	1.8122009407318753	52.88888888888889	2.174193625811699
51.42857142857143	14.08729195093606	27.857142857142847	13.177454996965247	23.57142857142857	10.127616385525151	36.17728531855956	2.590000883549856
35.7142857142857	19.403490040621804	35.0	19.253302448473974	0.7142857142857142	2.17948983306689	33.7	6.778007030856846
53.8095238095238	25.217793985082817	53.57142857142856	25.427381385780386	0.23809523809523808	1.3041013273932527	37.03125	6.7193138295898365
37.142857142857146	14.211630566186052	26.666666666666668	13.647483719337254	10.476190476190474	8.943747365418467	35.1441753171857	4.7126884719416005
25.95238095238095	13.459263391926354	25.238095238095234	14.128859736623824	0.7142857142857142	2.17948983306689	41.24260355029587	2.789063242682977
56.904761904761905	17.343178243159723	56.904761904761905	17.343178243159723	0.0	0.0	25.0	9.98382312232799
69.04761904761904	8.247860988423222	69.04761904761904	8.247860988423222	0.0	0.0	55.555555555555586	2.890758581290855E-14
31.19047619047619	14.708441774766888	29.04761904761904	14.88087027891965	2.142857142857142	3.329225712138564	35.32407407407408	2.653677389871133
29.76190476190476	16.036040221087	23.809523809523807	13.569916085454173	5.95238095238095	7.039481833232673	47.30103806228373	5.181275194953344
53.09523809523808	18.634162075252394	53.09523809523808	18.634162075252394	0.0	0.0	27.447916666666668	5.360824414023324
33.8095238095238	11.553098254878956	33.8095238095238	11.553098254878956	0.0	0.0	29.566666666666666	4.399712634294178
32.38095238095239	11.824028382780961	22.142857142857142	11.152768107210065	10.238095238095235	7.888056813959825	46.83287165281626	5.105155500122489
41.42857142857142	15.62671524716261	30.952380952380956	13.698951471010979	10.476190476190474	7.673247285429713	16.802721088435373	2.549025727319259
71.42857142857142	15.805823849393542	71.19047619047618	16.18890652103175	0.23809523809523808	1.3041013273932531	35.733333333333334	10.395401282109887
52.38095238095237	14.203375189035082	52.38095238095237	14.203375189035082	0.0	0.0	10.625	7.724722403225669
26.904761904761905	12.25510755854085	25.0	11.974345083676592	1.9047619047619042	4.569170213924941	39.64497041420118	3.9617400201892683
44.52380952380952	13.871245341985546	28.09523809523809	13.121707835270218	16.42857142857143	10.12761638552515	32.19135802469136	4.437365762055714
57.61904761904762	22.737783592977756	57.61904761904762	22.737783592977756	0.0	0.0	34.855967078189295	9.208364928520721
64.04761904761905	24.848827478779324	64.04761904761905	24.848827478779324	0.0	0.0	39.727891156462604	5.510942514008392
39.52380952380953	11.055062324680954	29.761904761904752	13.007242790121698	9.761904761904761	9.833829311155839	36.8359375	8.671856797511184
46.42857142857144	10.569631054741542	39.28571428571429	12.40729167463663	7.1428571428571415	7.264966110222968	25.068870523415974	3.2579420054630552
66.66666666666666	8.864714174799511	66.66666666666666	8.864714174799511	0.0	0.0	25.0	25.42738138578039
