#meanGeneralizationError	stdDevGeneralizationError	meanGeneralizationMisclassifiedError	stdDevGeneralizationMisclassifiedError	meanGeneralizationUnclassifiedError	stdDevGeneralizationUnclassifiedError	meanUnlabeledNeuronPercentages	stdDevUnlabeledNeuronPercentages
32.666666666666664	23.183426501874482	32.666666666666664	23.183426501874482	0.0	0.0	0.0	0.0
8.0	12.429109325317308	4.0	8.136762043449725	4.0	9.684683962230046	20.680272108843546	3.2482547989968213
17.333333333333332	15.521583045227219	2.6666666666666665	6.914918072835206	14.666666666666666	13.829836145670416	29.9	2.354013447358538
6.0	9.321831993987981	4.666666666666667	8.603661343041528	1.3333333333333333	5.074162634049254	19.6	3.6915560685023543
8.0	12.429109325317308	6.0	9.321831993987981	2.0	6.102571532587294	20.555555555555557	3.8323753592253267
27.333333333333332	18.55714999917698	3.3333333333333335	7.580980435789034	24.0	17.73366173751743	36.28099173553719	2.782373848666159
11.333333333333334	11.366415543118707	6.666666666666667	10.933445471810678	4.666666666666667	8.603661343041528	21.302083333333332	3.3457417663283615
6.666666666666667	9.589266029707682	6.666666666666667	9.589266029707682	0.0	0.0	26.666666666666664	5.536365323582664
4.666666666666667	10.080138659874619	4.666666666666667	10.080138659874619	0.0	0.0	16.875	3.3436442538870255
19.333333333333332	15.297809925141149	4.0	8.136762043449725	15.333333333333334	14.558640835892126	26.584362139917697	2.8950158133484587
23.333333333333332	17.485626280942345	5.333333333333333	8.995528902176071	18.0	16.060231457944763	35.537190082644635	2.4840839934272902
6.666666666666667	9.589266029707682	6.0	9.321831993987981	0.6666666666666666	3.6514837167011076	19.537037037037045	4.221121386371019
4.666666666666667	8.603661343041528	4.666666666666667	8.603661343041528	0.0	0.0	18.0	3.600766201988031
16.666666666666668	16.678156958735876	4.0	8.136762043449725	12.666666666666666	14.367908045682759	30.433333333333334	2.314621192413095
12.666666666666666	16.174337556830533	5.333333333333333	8.99552890217607	7.333333333333333	13.373502709187429	25.0	3.3836893250231856
6.666666666666667	10.93344547181068	6.666666666666667	10.93344547181068	0.0	0.0	26.666666666666668	5.536365323582663
6.0	9.321831993987981	6.0	9.321831993987981	0.0	0.0	27.037037037037027	5.600077033263674
8.666666666666666	12.521246311585855	4.0	8.136762043449725	4.666666666666667	10.080138659874619	22.8125	3.348676076528938
17.333333333333332	15.521583045227219	4.666666666666667	10.080138659874619	12.666666666666666	14.367908045682757	29.933333333333334	2.947042156343266
6.666666666666667	9.58926602970768	6.0	9.321831993987981	0.6666666666666666	3.651483716701109	19.333333333333332	3.1659103755076723
11.333333333333334	12.52124631158585	5.333333333333333	8.99552890217607	6.0	9.321831993987981	20.7482993197279	2.7371680664893887
27.333333333333332	18.557149999176975	5.333333333333333	8.995528902176071	22.0	19.19051489848476	39.861111111111114	2.714803402428188
16.666666666666668	15.829551877538359	5.333333333333333	8.995528902176071	11.333333333333334	15.47708725455334	26.584362139917694	3.1389038362517123
4.666666666666667	8.603661343041528	4.0	8.136762043449725	0.6666666666666666	3.651483716701108	14.583333333333334	4.130590951570416
7.333333333333333	9.80265035707122	6.666666666666667	9.589266029707682	0.6666666666666666	3.651483716701108	16.666666666666668	2.9966456342836505
16.0	16.10311599745795	4.666666666666667	8.603661343041528	11.333333333333334	14.558640835892126	30.74074074074074	4.496525651837249
21.333333333333332	16.553639735893345	2.0	6.102571532587294	19.333333333333332	15.29780992514115	35.01377410468319	2.5075185251648007
8.0	11.26483695950092	5.333333333333333	8.995528902176071	2.6666666666666665	6.9149180728352055	19.62962962962963	4.492871543564038
10.666666666666666	11.426929274467318	8.0	11.26483695950092	2.6666666666666665	6.9149180728352055	20.0	4.4566881162492455
16.666666666666668	15.829551877538357	4.0	8.136762043449725	12.666666666666666	13.373502709187433	29.8	3.155728234442119
8.666666666666666	12.521246311585854	4.666666666666667	8.603661343041528	4.0	8.136762043449725	22.108843537414973	4.084563807947481
18.0	16.060231457944763	18.0	16.060231457944763	0.0	0.0	25.0	0.0
18.0	16.060231457944763	18.0	16.060231457944763	0.0	0.0	25.0	0.0
10.666666666666666	13.628907749221193	6.666666666666667	12.129568697262451	4.0	9.684683962230046	21.020408163265316	3.085756732614678
16.666666666666668	12.954385047312089	4.666666666666667	8.603661343041528	12.0	12.429109325317308	31.733333333333334	2.8276142415206817
6.666666666666667	9.589266029707682	6.0	9.321831993987981	0.6666666666666666	3.651483716701109	18.666666666666668	4.24534904404186
8.0	11.26483695950092	6.0	9.321831993987981	2.0	6.102571532587294	19.62962962962963	3.6425344650888363
25.333333333333332	17.36689941821219	3.3333333333333335	7.580980435789033	22.0	16.89725543925138	35.12396694214876	2.3045646921200387
11.333333333333334	15.47708725455334	5.333333333333333	8.99552890217607	6.0	10.699661612438481	25.720164609053498	2.4709089702398344
6.666666666666667	9.58926602970768	4.666666666666667	8.603661343041528	2.0	6.102571532587294	17.708333333333332	4.368324134851538
8.666666666666666	11.366415543118713	6.666666666666667	10.933445471810678	2.0	6.102571532587294	15.833333333333334	4.564354645876384
15.333333333333334	16.344003083137533	6.0	9.321831993987981	9.333333333333334	14.605934866804432	26.17283950617284	2.06073269981824
24.0	18.495106528950878	3.3333333333333335	7.580980435789033	20.666666666666668	19.9885024422806	56.41203703703705	2.5835041278906203
7.333333333333333	12.298957997167559	2.6666666666666665	6.9149180728352055	4.666666666666667	10.080138659874619	21.56462585034014	3.1104802663725803
6.0	9.321831993987981	4.0	8.136762043449725	2.0	6.102571532587294	21.388888888888893	4.679488861703958
27.333333333333332	20.66703744569137	2.6666666666666665	6.914918072835206	24.666666666666668	20.800088417141875	36.14325068870524	3.189264017666011
12.666666666666666	15.297809925141149	6.666666666666667	9.58926602970768	6.0	11.919268665368751	21.979166666666668	2.5272402432547714
7.333333333333333	12.298957997167562	7.333333333333333	12.298957997167562	0.0	0.0	26.666666666666664	5.536365323582664
8.0	12.429109325317308	8.0	12.429109325317308	0.0	0.0	27.037037037037035	5.600077033263675
12.666666666666666	13.373502709187434	4.666666666666667	8.603661343041528	8.0	12.429109325317308	23.177083333333332	2.4304486498109386
16.666666666666668	16.678156958735872	3.3333333333333335	7.580980435789034	13.333333333333334	16.045911141715074	29.333333333333332	2.0566684364455208
6.666666666666667	9.589266029707682	6.0	9.321831993987981	0.6666666666666666	3.651483716701109	19.2	4.5059347838003685
6.0	10.699661612438481	4.666666666666667	8.603661343041527	1.3333333333333333	5.074162634049251	20.47619047619049	2.9590421152451882
33.333333333333336	19.884725264649116	2.6666666666666665	8.683449709106101	30.666666666666668	20.833218390487513	39.537037037037045	2.692249701922102
18.0	16.89725543925138	4.0	8.136762043449725	14.0	15.887535778195694	25.26748971193415	3.0194232771154623
7.333333333333333	9.802650357071222	6.666666666666667	9.589266029707682	0.6666666666666666	3.6514837167011076	17.083333333333332	3.6455767561604664
6.666666666666667	10.933445471810678	6.666666666666667	10.933445471810678	0.0	0.0	26.29629629629629	5.445916865039564
8.666666666666666	11.36641554311871	4.0	8.136762043449725	4.666666666666667	8.603661343041528	22.552083333333332	3.0619538276754095
20.0	16.609095970747994	3.3333333333333335	7.580980435789033	16.666666666666668	13.978637231524923	34.24242424242423	2.6196035089448095
6.0	10.699661612438481	4.666666666666667	10.08013865987462	1.3333333333333333	5.074162634049254	20.000000000000007	4.8057188863347235
9.333333333333334	10.1483252680985	8.0	9.965457582448796	1.3333333333333333	5.0741626340492525	23.2	3.387604178319174
16.666666666666668	16.678156958735876	4.0	8.136762043449725	12.666666666666666	15.29780992514115	32.1	2.8689779509014386
8.0	9.965457582448796	4.0	8.136762043449725	4.0	8.136762043449725	20.612244897959197	3.000811333797312
18.0	16.060231457944763	18.0	16.060231457944763	0.0	0.0	25.0	0.0
18.0	16.060231457944763	18.0	16.060231457944763	0.0	0.0	25.0	0.0
12.0	15.402641958779176	6.0	10.699661612438481	6.0	9.321831993987981	21.56462585034014	3.063959994449576
17.333333333333332	16.386144974533725	3.3333333333333335	9.222660747548286	14.0	15.887535778195694	30.5	2.8008619362986984
7.333333333333333	11.121068335350712	4.666666666666667	10.080138659874619	2.6666666666666665	6.9149180728352055	19.066666666666666	4.160017683428375
8.0	11.26483695950092	5.333333333333333	8.99552890217607	2.6666666666666665	6.9149180728352055	18.7962962962963	3.2364046890770726
26.0	20.443361623831795	4.0	8.136762043449725	22.0	19.19051489848476	35.12396694214876	2.4337985354550784
10.0	12.594470598448051	6.0	9.321831993987981	4.0	8.136762043449725	23.854166666666668	2.7809937083256995
7.333333333333333	12.298957997167562	7.333333333333333	12.298957997167562	0.0	0.0	24.814814814814813	4.779811857245291
8.666666666666666	12.521246311585855	6.666666666666667	10.933445471810678	2.0	8.051557998728976	16.875	3.724771457927735
16.666666666666668	16.678156958735872	5.333333333333333	8.99552890217607	11.333333333333334	15.47708725455334	25.679012345679006	2.777659521630178
33.333333333333336	20.566684364455213	2.6666666666666665	6.9149180728352055	30.666666666666668	20.833218390487513	39.05092592592592	2.19362688264008
14.0	14.044264997156128	5.333333333333333	8.99552890217607	8.666666666666666	12.521246311585854	20.680272108843546	3.335510833293375
8.666666666666666	12.521246311585854	7.333333333333333	11.12106833535071	1.3333333333333333	7.302967433402216	18.933333333333334	3.7777327020073947
14.0	17.538135787379222	3.3333333333333335	7.580980435789033	10.666666666666666	13.628907749221199	69.9	4.188242986067645
10.0	12.594470598448051	6.666666666666667	10.933445471810678	3.3333333333333335	7.580980435789033	21.71875	3.342385114601599
6.666666666666667	10.93344547181068	6.666666666666667	10.93344547181068	0.0	0.0	28.88888888888889	5.536365323582662
7.333333333333333	13.373502709187434	7.333333333333333	13.373502709187434	0.0	0.0	26.29629629629629	5.445916865039564
12.666666666666666	15.297809925141149	5.333333333333333	10.416609195243755	7.333333333333333	12.298957997167559	24.270833333333332	3.4994739957779992
24.666666666666668	19.42861972369154	3.3333333333333335	7.580980435789033	21.333333333333332	16.553639735893345	35.34435261707987	2.0089947660836565
10.0	12.594470598448051	6.0	10.699661612438481	4.0	9.684683962230046	19.351851851851855	4.641428133199097
9.333333333333334	11.42692927446732	4.0	8.136762043449725	5.333333333333333	8.995528902176071	21.97278911564626	3.33335726963405
26.666666666666668	21.226745220209295	2.0	6.102571532587294	24.666666666666668	21.452969143162242	39.93055555555555	2.020525134165573
16.666666666666668	13.97863723152492	4.666666666666667	8.603661343041528	12.0	12.429109325317308	27.283950617283953	2.7385959952052334
5.333333333333333	8.99552890217607	4.666666666666667	8.603661343041527	0.6666666666666666	3.651483716701109	16.875	3.3436442538870255
5.333333333333333	8.995528902176071	4.666666666666667	8.603661343041527	0.6666666666666666	3.651483716701109	16.458333333333332	3.4753338547970976
19.333333333333332	14.367908045682757	5.333333333333333	8.99552890217607	14.0	14.044264997156128	25.84362139917695	2.672221429767077
25.333333333333332	18.143742786394725	6.0	9.321831993987981	19.333333333333332	17.005746155310284	36.969696969696976	2.9911020029991
6.666666666666667	9.589266029707682	5.333333333333333	8.99552890217607	1.3333333333333333	5.0741626340492525	19.90740740740741	4.258773363366759
5.333333333333333	8.99552890217607	4.666666666666667	8.603661343041527	0.6666666666666666	3.651483716701109	19.866666666666667	3.5596719466568962
22.0	21.87740134602765	4.0	8.136762043449725	18.0	21.87740134602765	30.366666666666667	2.8464537323790653
14.666666666666666	16.55363973589335	8.0	11.26483695950092	6.666666666666667	10.933445471810678	22.291666666666668	3.280950656843787
4.666666666666667	10.080138659874619	4.666666666666667	10.080138659874619	0.0	0.0	24.07407407407407	4.211655797660572
17.333333333333332	16.386144974533725	17.333333333333332	16.386144974533725	0.0	0.0	25.0	0.0
10.666666666666666	12.576204496597132	4.666666666666667	8.603661343041528	6.0	9.321831993987981	20.612244897959194	3.840520987986152
18.666666666666668	19.60530071414244	4.666666666666667	8.603661343041528	14.0	17.538135787379222	30.766666666666666	3.0477049967354835
5.333333333333333	8.995528902176071	4.0	8.136762043449725	1.3333333333333333	5.0741626340492525	19.6	3.538945878511635
6.666666666666667	9.589266029707682	4.666666666666667	8.603661343041528	2.0	6.102571532587294	19.90740740740741	3.8657861477438176
22.666666666666668	19.464084224865132	3.3333333333333335	7.580980435789033	19.333333333333332	19.286109586656035	35.23415977961432	2.2396050981766096
18.0	16.89725543925138	4.666666666666667	8.603661343041528	13.333333333333334	17.681732894739685	35.596707818930035	3.5822770382780744
6.666666666666667	10.933445471810678	6.0	10.699661612438481	0.6666666666666666	3.651483716701109	18.75	5.917900955924992
4.666666666666667	8.603661343041528	4.0	8.136762043449725	0.6666666666666666	3.651483716701109	17.291666666666668	3.150043331210817
9.333333333333334	13.628907749221199	4.666666666666667	8.603661343041528	4.666666666666667	11.36641554311871	43.49794238683128	8.78781840459152
32.0	22.651786867173684	4.0	8.136762043449725	28.0	22.651786867173684	39.25925925925926	2.4787124044080118
11.333333333333334	12.52124631158585	4.0	8.136762043449725	7.333333333333333	11.121068335350712	20.27210884353742	3.6323183129152006
10.0	11.447029429446781	7.333333333333333	9.802650357071222	2.6666666666666665	6.9149180728352055	19.814814814814824	3.4007653626492806
21.333333333333332	20.296650536196996	4.0	9.684683962230046	17.333333333333332	19.46408422486514	35.09641873278237	2.2735259441081603
11.333333333333334	11.366415543118709	4.666666666666667	8.603661343041528	6.666666666666667	10.933445471810678	22.291666666666668	3.5282241511728727
6.666666666666667	9.589266029707682	6.666666666666667	9.589266029707682	0.0	0.0	27.77777777777777	5.6505291968400835
8.666666666666666	12.521246311585854	8.666666666666666	12.521246311585854	0.0	0.0	26.66666666666666	5.536365323582662
12.666666666666666	15.29780992514115	6.666666666666667	10.933445471810678	6.0	9.321831993987981	22.135416666666668	2.9327540225203332
18.666666666666668	18.143742786394725	2.0	6.102571532587294	16.666666666666668	18.257418583505537	30.733333333333334	2.7029145614385937
6.666666666666667	9.589266029707682	6.0	9.321831993987981	0.6666666666666666	3.651483716701109	19.066666666666666	3.741042942663259
7.333333333333333	14.367908045682753	4.666666666666667	8.603661343041528	2.6666666666666665	8.683449709106096	21.574074074074076	4.984188138848101
25.333333333333332	18.888663510036977	3.3333333333333335	7.580980435789034	22.0	17.694729392558173	35.50964187327824	2.5168936271278395
16.0	14.287684593190136	6.0	10.699661612438481	10.0	13.64576478442026	25.555555555555543	2.4294382242630728
10.666666666666666	12.57620449659713	8.666666666666666	12.521246311585855	2.0	6.102571532587294	17.291666666666668	3.5520048572245955
4.0	9.684683962230046	4.0	9.684683962230046	0.0	0.0	22.592592592592588	2.028602064833948
12.0	13.493293353264109	6.0	9.321831993987981	6.0	10.699661612438481	23.072916666666668	2.9212492222811393
22.0	21.237572430921116	2.6666666666666665	6.9149180728352055	19.333333333333332	19.9885024422806	34.46280991735537	2.677112407746458
7.333333333333333	12.298957997167559	4.666666666666667	10.080138659874619	2.6666666666666665	6.9149180728352055	19.814814814814817	4.986856572057296
6.0	10.699661612438481	5.333333333333333	10.416609195243755	0.6666666666666666	3.651483716701108	20.266666666666666	3.31072794717867
18.666666666666668	20.296650536197	4.0	8.136762043449725	14.666666666666666	16.55363973589335	30.6	3.233445903953413
7.333333333333333	11.121068335350712	3.3333333333333335	7.580980435789034	4.0	8.136762043449725	21.904761904761912	4.1491022263882735
17.333333333333332	16.386144974533725	17.333333333333332	16.386144974533725	0.0	0.0	25.0	0.0
17.333333333333332	16.386144974533725	17.333333333333332	16.386144974533725	0.0	0.0	25.0	0.0
7.333333333333333	9.80265035707122	5.333333333333333	8.995528902176071	2.0	6.102571532587294	19.72789115646259	2.95175282566289
22.666666666666668	15.521583045227217	4.0	8.136762043449725	18.666666666666668	14.793599112881338	35.56666666666667	3.883504756711687
6.666666666666667	10.933445471810678	5.333333333333333	10.416609195243755	1.3333333333333333	5.074162634049252	18.266666666666666	3.5905367318812536
8.666666666666666	12.521246311585855	6.666666666666667	12.129568697262455	2.0	6.102571532587294	21.481481481481485	3.9910855682452118
24.0	17.73366173751743	4.0	8.136762043449725	20.0	18.19435304589368	34.79338842975206	2.938807135922795
15.333333333333334	14.558640835892124	6.666666666666667	9.58926602970768	8.666666666666666	11.36641554311871	22.239583333333332	3.4498049097347354
8.0	11.26483695950092	8.0	11.26483695950092	0.0	0.0	28.148148148148152	5.6379584822769395
8.0	12.429109325317308	5.333333333333333	10.416609195243755	2.6666666666666665	8.683449709106101	18.333333333333332	6.126656473169511
16.666666666666668	18.257418583505533	6.666666666666667	12.129568697262451	10.0	11.447029429446781	26.25514403292181	3.0054659299166318
21.333333333333332	16.553639735893345	4.666666666666667	8.603661343041528	16.666666666666668	13.978637231524923	34.18732782369146	2.9076537724976914
5.333333333333333	10.416609195243755	4.0	9.684683962230046	1.3333333333333333	5.07416263404925	20.09259259259259	4.9841881388481
6.0	10.699661612438481	5.333333333333333	10.416609195243755	0.6666666666666666	3.6514837167011076	19.866666666666667	4.264798441559278
22.666666666666668	17.991057804352145	4.666666666666667	8.603661343041527	18.0	15.177115259040727	30.4	2.685850536319599
13.333333333333334	17.681732894739685	4.666666666666667	8.603661343041528	8.666666666666666	15.477087254553346	22.135416666666668	2.7855308170026163
10.0	13.64576478442026	10.0	13.64576478442026	0.0	0.0	27.037037037037027	5.600077033263674
8.0	12.429109325317308	8.0	12.429109325317308	0.0	0.0	27.77777777777777	5.6505291968400835
12.0	15.402641958779176	4.666666666666667	8.603661343041528	7.333333333333333	12.298957997167562	22.395833333333332	2.9684191436931004
23.333333333333332	21.063669217862785	2.6666666666666665	6.9149180728352055	20.666666666666668	21.323992207796387	34.98622589531681	2.9784768238772497
6.666666666666667	12.129568697262451	4.666666666666667	8.603661343041528	2.0	6.102571532587294	22.314814814814817	4.810330459112883
8.0	12.429109325317308	4.666666666666667	8.603661343041528	3.3333333333333335	9.222660747548286	21.36054421768708	4.001081778396415
12.666666666666666	15.297809925141149	6.666666666666667	9.589266029707682	6.0	13.025174563659142	67.70833333333334	4.318551946084008
16.666666666666668	17.48562628094234	4.666666666666667	8.603661343041528	12.0	13.493293353264109	25.10288065843621	2.94183851335402
8.0	12.429109325317308	8.0	12.429109325317308	0.0	0.0	16.25	3.8840966641616586
7.333333333333333	12.298957997167562	6.0	11.919268665368751	1.3333333333333333	5.07416263404925	16.875	4.0703670511434815
18.666666666666668	14.793599112881342	2.0	6.102571532587294	16.666666666666668	13.97863723152492	26.419753086419753	3.347415188429674
25.333333333333332	18.143742786394725	5.333333333333333	10.416609195243755	20.0	16.609095970747994	34.98622589531681	2.3105185506652766
6.666666666666667	10.933445471810678	5.333333333333333	10.416609195243755	1.3333333333333333	5.074162634049251	20.74074074074074	5.347310335808491
9.333333333333334	12.576204496597132	6.666666666666667	10.933445471810678	2.6666666666666665	6.9149180728352055	21.2	3.661542919552376
20.666666666666668	16.174337556830537	4.666666666666667	8.603661343041528	16.0	13.287276776598395	30.2	2.7593102586422344
9.333333333333334	11.426929274467321	4.666666666666667	8.603661343041528	4.666666666666667	8.603661343041528	21.700680272108848	2.809665517473096
34.666666666666664	20.296650536197	34.0	21.107279345744924	0.6666666666666666	3.651483716701108	3.3333333333333335	8.643647591044012
4.0	9.684683962230046	4.0	9.684683962230046	0.0	0.0	22.592592592592588	2.028602064833948
12.0	12.429109325317308	6.0	9.321831993987981	6.0	10.699661612438481	22.135416666666668	3.2590673964403116
22.0	19.896282792660475	5.333333333333333	8.995528902176071	16.666666666666668	18.257418583505537	30.633333333333333	2.965122935560768
5.333333333333333	8.99552890217607	4.0	8.136762043449725	1.3333333333333333	5.0741626340492525	18.666666666666668	4.24534904404186
9.333333333333334	11.426929274467321	8.0	9.965457582448796	1.3333333333333333	5.0741626340492525	19.259259259259263	3.6425344650888367
25.333333333333332	18.888663510036974	4.0	8.136762043449725	21.333333333333332	18.14374278639472	35.42699724517907	2.547124408628477
14.666666666666666	14.793599112881346	4.666666666666667	8.603661343041528	10.0	12.594470598448051	26.995884773662553	2.93109966322884
8.666666666666666	11.36641554311871	6.666666666666667	9.58926602970768	2.0	8.051557998728976	16.875	2.913072498121244
4.666666666666667	10.08013865987462	4.0	8.136762043449725	0.6666666666666666	3.651483716701107	17.708333333333332	4.666499894392779
18.0	17.694729392558173	5.333333333333333	10.416609195243755	12.666666666666666	16.174337556830533	26.543209876543205	3.0197133691829148
20.0	18.19435304589368	4.0	8.136762043449725	16.0	17.73366173751743	59.97685185185184	2.0991048403969073
6.666666666666667	9.589266029707682	6.0	9.321831993987981	0.6666666666666666	3.651483716701109	20.47619047619048	2.8603246249303855
10.666666666666666	11.426929274467321	6.0	9.321831993987981	4.666666666666667	8.603661343041528	21.759259259259263	4.442248819093694
26.666666666666668	18.44532149509656	2.0	6.102571532587294	24.666666666666668	17.167196733251494	35.15151515151515	2.9737285627028345
10.666666666666666	14.605934866804427	3.3333333333333335	7.580980435789033	7.333333333333333	12.298957997167562	22.291666666666668	3.4559003351423168
6.0	11.919268665368751	6.0	11.919268665368751	0.0	0.0	26.666666666666664	5.536365323582664
6.0	9.321831993987981	6.0	9.321831993987981	0.0	0.0	27.037037037037027	5.600077033263674
11.333333333333334	13.578211078487255	4.666666666666667	10.080138659874619	6.666666666666667	10.93344547181068	26.614583333333332	4.351912088843591
18.0	19.896282792660475	5.333333333333333	8.99552890217607	12.666666666666666	15.29780992514115	29.766666666666666	2.4023455970813377
7.333333333333333	12.29895799716756	5.333333333333333	10.416609195243755	2.0	8.051557998728976	18.0	3.2800336415432043
10.666666666666666	11.42692927446732	5.333333333333333	8.995528902176071	5.333333333333333	10.416609195243753	21.70068027210885	3.324729065509099
28.666666666666668	22.702473408212036	4.0	8.136762043449725	24.666666666666668	20.800088417141875	40.25462962962963	2.0671733833408754
16.0	15.222487902147746	4.0	8.136762043449725	12.0	12.429109325317308	25.80246913580247	2.8143143707552123
8.666666666666666	11.36641554311871	8.666666666666666	11.36641554311871	0.0	0.0	16.041666666666668	4.243190962027267
6.666666666666667	12.129568697262451	6.666666666666667	12.129568697262451	0.0	0.0	15.625	4.264301495131331
15.333333333333334	15.477087254553341	6.0	9.321831993987981	9.333333333333334	13.6289077492212	26.296296296296294	3.212004403266713
26.0	20.443361623831795	2.6666666666666665	6.914918072835206	23.333333333333332	20.39833213826534	34.903581267217625	2.7851940134370103
6.0	10.699661612438481	4.666666666666667	8.603661343041528	1.3333333333333333	5.074162634049252	21.296296296296298	3.671636401395926
7.333333333333333	11.121068335350712	5.333333333333333	8.995528902176071	2.0	8.051557998728976	19.066666666666666	3.7410429426632597
18.666666666666668	15.698305055298018	4.0	8.136762043449725	14.666666666666666	14.793599112881346	30.1	3.066504243574769
8.666666666666666	13.578211078487259	6.0	10.699661612438481	2.6666666666666665	8.683449709106101	20.81632653061225	2.753733337400838
18.0	16.060231457944763	18.0	16.060231457944763	0.0	0.0	25.0	0.0
17.333333333333332	16.386144974533725	17.333333333333332	16.386144974533725	0.0	0.0	25.0	0.0
11.333333333333334	13.578211078487255	7.333333333333333	11.121068335350712	4.0	8.136762043449725	21.42857142857144	3.019894587069011
21.333333333333332	18.143742786394725	5.333333333333333	10.416609195243755	16.0	16.10311599745795	30.9	3.0552385763833056
6.666666666666667	12.129568697262451	4.0	8.136762043449725	2.6666666666666665	6.9149180728352055	18.533333333333335	3.559671946656896
9.333333333333334	14.60593486680443	5.333333333333333	8.995528902176071	4.0	9.684683962230046	19.629629629629633	4.492871543564038
24.0	18.495106528950878	2.0	6.102571532587294	22.0	18.457780342511768	34.87603305785124	2.8743882116209973
14.0	14.994251772159108	7.333333333333333	9.802650357071222	6.666666666666667	9.58926602970768	22.1875	3.318370692331425
10.0	14.621665549733924	10.0	14.621665549733924	0.0	0.0	27.4074074074074	5.637958482276943
7.333333333333333	12.29895799716756	6.0	10.699661612438481	1.3333333333333333	7.302967433402216	16.875	4.0703670511434815
14.666666666666666	14.793599112881346	6.666666666666667	9.589266029707682	8.0	12.429109325317308	25.51440329218107	2.832618542960779
25.333333333333332	23.44962808812252	2.6666666666666665	6.914918072835206	22.666666666666668	22.732831086237415	40.55555555555556	2.2005649648045496
9.333333333333334	13.628907749221199	4.0	8.136762043449725	5.333333333333333	10.416609195243755	20.88435374149661	3.063959994449576
7.333333333333333	9.802650357071222	5.333333333333333	8.99552890217607	2.0	6.102571532587294	21.733333333333334	4.540494681642409
18.0	16.060231457944763	4.0	8.136762043449725	14.0	14.994251772159108	30.8	2.2499042125204447
12.0	11.26483695950092	5.333333333333333	8.99552890217607	6.666666666666667	10.933445471810678	21.71875	2.793578593445801
8.0	11.26483695950092	7.333333333333333	11.12106833535071	0.6666666666666666	3.651483716701108	26.66666666666666	6.258242755278286
6.0	9.321831993987981	6.0	9.321831993987981	0.0	0.0	27.407407407407405	5.637958482276943
12.666666666666666	13.373502709187434	3.3333333333333335	7.580980435789033	9.333333333333334	11.426929274467321	23.697916666666668	2.785530817002616
19.333333333333332	15.29780992514115	4.0	8.136762043449725	15.333333333333334	16.344003083137533	35.67493112947659	2.358440535623216
7.333333333333333	12.29895799716756	4.666666666666667	8.603661343041528	2.6666666666666665	8.683449709106101	19.90740740740741	3.5799074280114893
10.666666666666666	13.628907749221197	6.666666666666667	10.933445471810678	4.0	8.136762043449725	21.088435374149665	3.0000135639217764
28.666666666666668	22.08655907908751	2.0	6.102571532587294	26.666666666666668	21.866890943621364	40.023148148148145	2.331794367200849
13.333333333333334	14.223180044375187	10.0	14.621665549733924	3.3333333333333335	7.580980435789034	77.53086419753087	7.5228691098877505
7.333333333333333	12.29895799716756	5.333333333333333	10.416609195243757	2.0	8.051557998728976	17.5	3.8141072078670586
11.333333333333334	12.521246311585852	8.0	11.26483695950092	3.3333333333333335	9.222660747548286	16.458333333333332	5.561987416651398
16.666666666666668	18.99788251963584	4.0	8.136762043449725	12.666666666666666	17.798359733284478	26.255144032921812	2.336437022426613
24.0	20.61134605519243	6.0	10.699661612438481	18.0	17.694729392558173	35.20661157024794	2.240831655064492
6.666666666666667	9.58926602970768	6.0	9.321831993987981	0.6666666666666666	3.651483716701109	18.88888888888889	4.087693478430811
5.333333333333333	10.416609195243755	3.3333333333333335	7.580980435789034	2.0	8.051557998728976	19.333333333333332	3.4971252561884696
20.0	15.756771943166706	4.666666666666667	10.080138659874619	15.333333333333334	16.34400308313753	30.9	3.0325816929042375
8.666666666666666	12.521246311585855	2.6666666666666665	6.9149180728352055	6.0	9.321831993987981	20.989583333333332	2.7734153663921726
6.666666666666667	10.93344547181068	6.666666666666667	10.93344547181068	0.0	0.0	28.518518518518526	5.600077033263675
17.333333333333332	16.386144974533725	17.333333333333332	16.386144974533725	0.0	0.0	25.0	0.0
8.666666666666666	10.080138659874619	5.333333333333333	8.99552890217607	3.3333333333333335	7.580980435789033	21.6326530612245	3.4149388838125527
19.333333333333332	16.174337556830537	3.3333333333333335	7.580980435789034	16.0	16.10311599745795	30.966666666666665	2.747830910489886
5.333333333333333	8.995528902176071	4.666666666666667	8.603661343041527	0.6666666666666666	3.651483716701109	19.2	3.546732347503486
7.333333333333333	11.121068335350712	6.0	9.321831993987981	1.3333333333333333	5.074162634049254	19.537037037037045	3.1361992454869987
23.333333333333332	18.257418583505537	4.666666666666667	8.603661343041528	18.666666666666668	18.14374278639472	37.438016528925615	2.466481337933116
15.333333333333334	16.344003083137533	3.3333333333333335	7.580980435789034	12.0	15.402641958779176	25.884773662551435	2.944517106313221
7.333333333333333	9.80265035707122	7.333333333333333	9.80265035707122	0.0	0.0	15.0	4.813325612118493
6.0	9.321831993987981	6.0	9.321831993987981	0.0	0.0	17.291666666666668	2.6886441697004777
17.333333333333332	17.207322686083057	4.0	8.136762043449725	13.333333333333334	16.883645082279113	25.967078189300413	3.438547823283825
29.333333333333332	18.742048122232852	4.0	8.136762043449725	25.333333333333332	18.143742786394725	39.93055555555555	2.0853279085468364
9.333333333333334	11.426929274467321	6.0	10.699661612438481	3.3333333333333335	7.580980435789033	37.006802721088434	6.3579689987768635
7.333333333333333	11.12106833535071	6.0	10.699661612438481	1.3333333333333333	5.074162634049251	18.933333333333334	3.628748557278945
18.0	19.19051489848476	4.0	9.684683962230046	14.0	18.30771459776188	30.2	2.5106668986271496
6.666666666666667	10.933445471810678	3.3333333333333335	7.580980435789033	3.3333333333333335	9.222660747548286	23.697916666666668	3.2331327609166687
8.0	13.493293353264109	8.0	13.493293353264109	0.0	0.0	28.148148148148145	5.637958482276942
4.0	9.684683962230046	4.0	9.684683962230046	0.0	0.0	22.592592592592588	2.028602064833948
14.666666666666666	12.79367659898984	5.333333333333333	8.99552890217607	9.333333333333334	12.576204496597132	22.291666666666668	3.0961310209438127
20.0	17.419766814227707	4.666666666666667	8.603661343041527	15.333333333333334	17.167196733251497	31.433333333333334	2.582211473128028
6.0	11.919268665368751	6.0	11.919268665368751	0.0	0.0	19.733333333333334	3.6287485572789464
7.333333333333333	11.121068335350712	6.0	9.321831993987981	1.3333333333333333	7.302967433402217	20.185185185185187	4.18630959477107
20.666666666666668	19.286109586656035	4.0	8.136762043449725	16.666666666666668	16.678156958735876	34.710743801652896	2.4070393176151246
18.666666666666668	17.366899418212185	4.666666666666667	8.603661343041528	14.0	14.994251772159108	24.897119341563783	2.6155671480695575
4.0	8.136762043449725	4.0	8.136762043449725	0.0	0.0	14.583333333333334	3.7904902178945163
6.0	10.699661612438481	6.0	10.699661612438481	0.0	0.0	27.03703703703703	5.600077033263677
12.0	15.402641958779176	4.666666666666667	8.603661343041528	7.333333333333333	12.298957997167562	23.75	2.8546883699723113
22.666666666666668	18.742048122232852	3.3333333333333335	9.222660747548286	19.333333333333332	17.798359733284475	34.38016528925619	3.03539387740597
8.0	12.429109325317308	5.333333333333333	10.416609195243755	2.6666666666666665	6.9149180728352055	20.833333333333336	5.298155859634958
5.333333333333333	10.416609195243755	4.666666666666667	10.080138659874619	0.6666666666666666	3.651483716701108	17.6	5.417723150727714
24.0	20.61134605519243	6.0	9.321831993987981	18.0	16.060231457944763	30.233333333333334	2.787698758441466
8.666666666666666	11.36641554311871	4.666666666666667	8.603661343041528	4.0	8.136762043449725	21.97278911564626	3.3333572696340497
21.333333333333332	18.143742786394725	20.666666666666668	18.557149999176975	0.6666666666666666	3.651483716701108	2.5	7.628214415734117
17.333333333333332	16.386144974533725	17.333333333333332	16.386144974533725	0.0	0.0	25.0	0.0
11.333333333333334	16.344003083137533	6.0	10.699661612438481	5.333333333333333	11.66584561971349	21.360544217687075	3.544265187390242
15.333333333333334	17.95268365940626	2.6666666666666665	6.9149180728352055	12.666666666666666	16.174337556830537	30.233333333333334	2.8849590128365996
6.0	10.699661612438481	4.666666666666667	8.603661343041527	1.3333333333333333	5.074162634049252	18.8	3.3466401061363027
10.0	11.447029429446781	7.333333333333333	9.802650357071222	2.6666666666666665	6.9149180728352055	19.814814814814817	4.044066898858924
22.0	20.577858874578496	4.666666666666667	8.603661343041528	17.333333333333332	20.83321839048752	34.46280991735537	2.427985314091509
10.666666666666666	13.628907749221197	5.333333333333333	8.995528902176071	5.333333333333333	10.416609195243753	22.864583333333332	3.2435314994067315
10.0	12.594470598448051	10.0	12.594470598448051	0.0	0.0	28.148148148148138	5.637958482276942
5.333333333333333	8.995528902176071	5.333333333333333	8.995528902176071	0.0	0.0	16.875	3.724771457927735
15.333333333333334	16.34400308313753	6.666666666666667	9.589266029707682	8.666666666666666	13.578211078487259	25.43209876543209	3.3630793600286863
16.666666666666668	14.932799662056892	2.6666666666666665	6.9149180728352055	14.0	14.994251772159108	36.47382920110192	2.819233657614292
7.333333333333333	12.298957997167562	4.0	8.136762043449725	3.3333333333333335	7.580980435789034	21.2962962962963	4.336165037385686
6.0	9.321831993987981	4.666666666666667	8.603661343041527	1.3333333333333333	5.0741626340492525	18.933333333333334	3.3107279471786693
21.333333333333332	18.143742786394725	5.333333333333333	8.99552890217607	16.0	16.10311599745795	31.066666666666666	2.778406059215438
14.666666666666666	14.793599112881346	5.333333333333333	10.416609195243755	9.333333333333334	12.576204496597134	22.135416666666668	3.2847972752314285
6.666666666666667	9.589266029707682	6.666666666666667	9.589266029707682	0.0	0.0	27.407407407407398	5.6379584822769395
4.0	9.684683962230046	4.0	9.684683962230046	0.0	0.0	22.592592592592588	2.028602064833948
8.0	11.26483695950092	2.6666666666666665	6.9149180728352055	5.333333333333333	10.416609195243755	22.239583333333332	2.680804778430811
24.666666666666668	18.705214713316295	5.333333333333333	8.99552890217607	19.333333333333332	18.557149999176975	30.9	3.220087812038886
6.0	10.699661612438481	4.0	8.136762043449725	2.0	8.051557998728976	18.8	4.47521912389735
8.666666666666666	12.521246311585855	4.666666666666667	8.603661343041528	4.0	9.684683962230046	20.47619047619048	3.054570922340205
26.0	19.757146240948032	2.6666666666666665	6.9149180728352055	23.333333333333332	17.485626280942345	38.657407407407405	1.9922066835158754
16.0	15.222487902147746	4.0	8.136762043449725	12.0	13.493293353264109	26.87242798353909	3.6491416435008746
5.333333333333333	8.99552890217607	4.666666666666667	8.603661343041528	0.6666666666666666	3.651483716701109	17.708333333333332	2.8820814836088386
7.333333333333333	12.298957997167562	6.666666666666667	12.129568697262455	0.6666666666666666	3.651483716701108	16.458333333333332	5.561987416651399
15.333333333333334	15.477087254553341	6.666666666666667	9.589266029707682	8.666666666666666	12.521246311585852	25.96707818930041	2.702534845990778
18.0	17.694729392558173	5.333333333333333	8.99552890217607	12.666666666666666	15.297809925141149	33.663911845730034	2.1034902124959225
9.333333333333334	11.426929274467321	7.333333333333333	11.12106833535071	2.0	6.102571532587294	20.740740740740744	4.109333086911485
6.666666666666667	10.933445471810678	4.666666666666667	8.603661343041527	2.0	8.051557998728976	19.733333333333334	3.4733798836424388
18.666666666666668	15.698305055298018	4.666666666666667	10.08013865987462	14.0	14.994251772159108	53.166666666666664	2.9836720413903937
10.666666666666666	13.628907749221199	6.666666666666667	10.933445471810678	4.0	9.684683962230046	21.360544217687085	3.2037357255710237
17.333333333333332	16.386144974533725	17.333333333333332	16.386144974533725	0.0	0.0	25.0	0.0
6.666666666666667	12.129568697262455	6.666666666666667	12.129568697262455	0.0	0.0	27.407407407407405	5.637958482276942
10.666666666666666	12.576204496597132	7.333333333333333	9.802650357071222	3.3333333333333335	7.580980435789034	21.927083333333332	2.915479797514063
21.333333333333332	19.605300714142437	3.3333333333333335	7.580980435789033	18.0	17.694729392558173	32.1	2.3096499212263084
6.0	9.321831993987981	4.666666666666667	8.603661343041528	1.3333333333333333	5.0741626340492525	20.133333333333333	3.7114299998353957
7.333333333333333	12.29895799716756	4.0	9.684683962230046	3.3333333333333335	7.580980435789033	21.666666666666668	4.340253831351566
20.0	15.756771943166706	3.3333333333333335	7.580980435789033	16.666666666666668	12.954385047312089	35.26170798898072	2.580197377617929
20.666666666666668	19.9885024422806	6.666666666666667	9.589266029707682	14.0	18.30771459776188	25.267489711934154	2.58829811837759
5.333333333333333	10.416609195243755	4.0	8.136762043449725	1.3333333333333333	7.302967433402216	16.458333333333332	4.179219596621074
6.0	9.321831993987981	6.0	9.321831993987981	0.0	0.0	15.833333333333334	3.9300639051866026
12.0	13.493293353264109	4.666666666666667	8.603661343041528	7.333333333333333	9.802650357071222	26.2551440329218	2.9525383048363265
24.666666666666668	17.95268365940626	2.0	6.102571532587294	22.666666666666668	16.386144974533725	39.30555555555556	1.667464687620542
6.0	10.699661612438481	4.666666666666667	10.080138659874619	1.3333333333333333	5.07416263404925	21.836734693877556	3.310298749721201
6.0	10.699661612438481	4.0	9.684683962230046	2.0	6.102571532587294	19.907407407407405	3.2691240181699555
26.0	23.57672727427446	6.0	9.321831993987981	20.0	21.009029257555607	34.628099173553714	2.4874002126885206
14.0	15.887535778195694	6.0	9.321831993987981	8.0	11.26483695950092	24.375	4.334790592722862
5.333333333333333	8.995528902176073	5.333333333333333	8.995528902176073	0.0	0.0	25.92592592592592	5.3273700165042674
6.666666666666667	12.129568697262451	6.666666666666667	12.129568697262451	0.0	0.0	27.037037037037024	5.600077033263675
9.333333333333334	11.426929274467321	4.0	8.136762043449725	5.333333333333333	10.416609195243753	21.354166666666668	2.9966456342836505
12.0	14.479474176011818	3.3333333333333335	7.580980435789034	8.666666666666666	11.36641554311871	43.6	3.2547048173798903
5.333333333333333	8.995528902176071	5.333333333333333	8.995528902176071	0.0	0.0	19.066666666666666	3.095417450910668
9.333333333333334	12.576204496597134	6.0	10.699661612438481	3.3333333333333335	9.222660747548284	21.292517006802726	2.9199556379969343
22.666666666666668	17.207322686083053	2.6666666666666665	6.9149180728352055	20.0	18.19435304589368	39.814814814814824	2.198548871880327
18.666666666666668	20.296650536196996	5.333333333333333	8.995528902176071	13.333333333333334	17.68173289473968	26.707818930041153	2.8722332142230416
6.0	10.699661612438481	6.0	10.699661612438481	0.0	0.0	18.958333333333332	7.056448302345745
4.0	9.684683962230046	4.0	9.684683962230046	0.0	0.0	22.592592592592588	2.028602064833948
14.0	14.994251772159108	6.666666666666667	9.589266029707682	7.333333333333333	11.12106833535071	23.489583333333332	2.8864597008939965
26.0	19.757146240948032	4.666666666666667	8.603661343041528	21.333333333333332	17.366899418212185	34.32506887052342	2.7940589269965375
10.666666666666666	13.628907749221193	6.0	9.321831993987981	4.666666666666667	10.08013865987462	21.2962962962963	3.6716364013959266
8.0	11.26483695950092	6.666666666666667	10.93344547181068	1.3333333333333333	5.0741626340492525	18.133333333333333	3.1043166090454437
19.333333333333332	19.286109586656032	3.3333333333333335	7.580980435789033	16.0	17.73366173751743	31.166666666666668	2.3647312792341766
8.0	12.429109325317308	6.0	9.321831993987981	2.0	6.102571532587294	20.81632653061225	2.9059864440891867
17.333333333333332	16.386144974533725	17.333333333333332	16.386144974533725	0.0	0.0	25.0	0.0
17.333333333333332	16.386144974533725	17.333333333333332	16.386144974533725	0.0	0.0	25.0	0.0
8.666666666666666	11.366415543118713	5.333333333333333	8.995528902176071	3.3333333333333335	9.222660747548288	21.49659863945579	3.019101859771703
19.333333333333332	16.174337556830537	4.0	8.136762043449725	15.333333333333334	16.344003083137533	29.833333333333332	2.8657710442673046
9.333333333333334	10.1483252680985	8.0	9.965457582448796	1.3333333333333333	5.074162634049252	19.333333333333332	3.7995765039271685
5.333333333333333	8.995528902176071	5.333333333333333	8.995528902176071	0.0	0.0	20.740740740740744	4.044066898858925
18.0	15.177115259040727	2.0	6.102571532587294	16.0	13.287276776598395	42.89256198347107	3.371741568330974
14.0	17.538135787379222	4.666666666666667	8.603661343041528	9.333333333333334	14.605934866804432	25.84362139917695	2.551486104406342
4.0	8.136762043449725	4.0	8.136762043449725	0.0	0.0	16.25	4.813325612118493
5.333333333333333	8.995528902176071	5.333333333333333	8.995528902176071	0.0	0.0	17.916666666666668	2.713578034095654
17.333333333333332	14.605934866804432	5.333333333333333	8.995528902176071	12.0	13.493293353264109	27.283950617283946	3.149212250983387
28.0	23.838537330737502	1.3333333333333333	5.07416263404925	26.666666666666668	23.683739996670397	39.81481481481482	2.5291860980792196
8.0	11.26483695950092	4.666666666666667	8.603661343041528	3.3333333333333335	7.580980435789033	20.884353741496607	2.819870147375321
6.0	9.321831993987981	5.333333333333333	8.99552890217607	0.6666666666666666	3.651483716701109	19.866666666666667	3.7114299998353957
20.666666666666668	17.005746155310288	4.666666666666667	8.603661343041528	16.0	16.10311599745795	30.533333333333335	2.5694938899664095
11.333333333333334	11.366415543118709	4.0	8.136762043449725	7.333333333333333	9.80265035707122	22.96875	2.81758400648866
9.333333333333334	13.628907749221197	9.333333333333334	13.628907749221197	0.0	0.0	26.666666666666664	5.536365323582664
4.666666666666667	8.603661343041528	4.666666666666667	8.603661343041528	0.0	0.0	23.333333333333325	5.340671835004694
12.0	13.493293353264109	6.0	9.321831993987981	6.0	9.321831993987981	22.239583333333332	3.248718386781039
25.333333333333332	24.030631792939115	5.333333333333333	8.99552890217607	20.0	21.65561168014839	34.79338842975207	2.074363702150601
6.666666666666667	9.589266029707682	5.333333333333333	8.99552890217607	1.3333333333333333	5.07416263404925	21.94444444444445	4.212708580028639
10.0	10.170952554312155	6.0	9.321831993987981	4.0	8.136762043449725	24.013605442176875	4.600494873785285
32.0	22.651786867173684	3.3333333333333335	7.580980435789033	28.666666666666668	22.086559079087515	40.55555555555555	2.3326262384181193
19.333333333333332	18.55714999917698	4.666666666666667	8.603661343041528	14.666666666666666	16.55363973589335	25.432098765432094	3.394190839963708
5.333333333333333	10.416609195243755	4.666666666666667	10.080138659874619	0.6666666666666666	3.651483716701109	15.833333333333334	4.259033671631624
6.0	10.699661612438481	6.0	10.699661612438481	0.0	0.0	16.875	3.724771457927735
15.333333333333334	16.34400308313753	3.3333333333333335	7.580980435789033	12.0	13.493293353264109	25.96707818930041	3.3455829244366635
26.666666666666668	20.566684364455213	4.0	8.136762043449725	22.666666666666668	17.991057804352145	34.87603305785124	2.571663746095739
6.0	9.321831993987981	5.333333333333333	8.99552890217607	0.6666666666666666	3.651483716701108	19.814814814814813	3.977729973955924
5.333333333333333	10.416609195243755	5.333333333333333	10.416609195243755	0.0	0.0	20.4	4.247514486184225
21.333333333333332	20.296650536196996	3.3333333333333335	7.580980435789034	18.0	19.896282792660475	30.3	2.4374944739106237
12.666666666666666	16.174337556830537	6.666666666666667	9.58926602970768	6.0	13.025174563659142	23.385416666666668	3.295032970593595
4.666666666666667	8.603661343041527	4.666666666666667	8.603661343041527	0.0	0.0	26.29629629629629	5.445916865039564
17.333333333333332	16.386144974533725	17.333333333333332	16.386144974533725	0.0	0.0	25.0	0.0
7.333333333333333	11.121068335350712	5.333333333333333	8.995528902176071	2.0	8.051557998728976	21.428571428571438	3.336228378925702
17.333333333333332	18.742048122232855	4.666666666666667	8.603661343041528	12.666666666666666	16.174337556830533	29.366666666666667	3.5765841277661155
7.333333333333333	11.121068335350712	6.666666666666667	10.933445471810678	0.6666666666666666	3.651483716701107	19.2	4.122269211038486
8.0	11.26483695950092	4.0	8.136762043449725	4.0	8.136762043449725	19.81481481481482	3.6278959552352386
29.333333333333332	19.464084224865132	5.333333333333333	10.416609195243755	24.0	19.93091516489759	34.848484848484844	2.830489237594547
13.333333333333334	15.161960871578064	5.333333333333333	8.99552890217607	8.0	12.429109325317308	26.131687242798353	2.224664788204612
5.333333333333333	8.995528902176071	4.666666666666667	8.603661343041527	0.6666666666666666	3.651483716701108	16.875	3.3436442538870255
5.333333333333333	10.416609195243755	5.333333333333333	10.416609195243755	0.0	0.0	16.875	4.38883281161129
13.333333333333334	16.883645082279113	4.666666666666667	10.08013865987462	8.666666666666666	11.36641554311871	26.74897119341564	2.8694871468901595
26.0	22.376095619486744	4.0	9.684683962230046	22.0	19.19051489848476	38.86574074074075	1.6959760575706802
6.0	11.919268665368751	2.6666666666666665	6.9149180728352055	3.3333333333333335	7.580980435789034	20.136054421768716	3.248254798996822
8.0	11.26483695950092	6.0	10.699661612438481	2.0	6.102571532587294	22.22222222222223	5.001064169427821
28.666666666666668	21.452969143162242	6.0	9.321831993987981	22.666666666666668	19.464084224865132	36.28099173553719	3.1552353187438804
8.666666666666666	12.521246311585855	3.3333333333333335	7.580980435789033	5.333333333333333	10.416609195243755	21.25	3.4232659844072884
8.666666666666666	12.521246311585852	8.666666666666666	12.521246311585852	0.0	0.0	28.88888888888889	5.536365323582662
8.0	12.429109325317308	8.0	12.429109325317308	0.0	0.0	27.777777777777775	5.650529196840086
10.666666666666666	14.605934866804427	2.0	6.102571532587294	8.666666666666666	11.36641554311871	22.916666666666668	2.9111452253346117
23.333333333333332	18.99788251963584	5.333333333333333	10.416609195243755	18.0	15.177115259040727	31.5	2.4033023257521138
6.666666666666667	9.58926602970768	5.333333333333333	8.99552890217607	1.3333333333333333	5.0741626340492525	20.0	4.331122336029678
14.0	14.044264997156128	7.333333333333333	9.802650357071222	6.666666666666667	10.933445471810678	20.884353741496604	3.063959994449576
26.0	22.98425248009962	4.0	8.136762043449725	22.0	21.87740134602765	46.59722222222221	2.9651260762293545
16.0	15.222487902147746	2.6666666666666665	6.9149180728352055	13.333333333333334	16.045911141715074	28.31275720164609	2.880455708571233
7.333333333333333	11.121068335350712	7.333333333333333	11.121068335350712	0.0	0.0	15.833333333333334	3.9300639051866026
8.666666666666666	11.36641554311871	8.666666666666666	11.36641554311871	0.0	0.0	26.66666666666666	5.536365323582662
14.0	19.04622326577254	4.666666666666667	8.603661343041528	9.333333333333334	16.386144974533725	21.979166666666668	3.2551903735136736
17.333333333333332	13.628907749221199	4.0	8.136762043449725	13.333333333333334	12.129568697262455	51.32231404958679	3.8785026169531944
9.333333333333334	12.576204496597134	6.0	10.699661612438481	3.3333333333333335	7.580980435789033	20.0	3.129121377639145
4.666666666666667	8.603661343041528	4.666666666666667	8.603661343041528	0.0	0.0	20.933333333333334	3.0954174509106687
24.666666666666668	21.45296914316224	3.3333333333333335	7.580980435789033	21.333333333333332	20.296650536196992	31.033333333333335	2.5526636977915813
6.666666666666667	10.933445471810678	4.0	9.684683962230046	2.6666666666666665	6.9149180728352055	20.20408163265307	3.5286978249654424
18.0	16.060231457944763	18.0	16.060231457944763	0.0	0.0	25.0	0.0
18.0	16.060231457944763	18.0	16.060231457944763	0.0	0.0	25.0	0.0
10.666666666666666	12.576204496597132	6.666666666666667	9.589266029707682	4.0	8.136762043449725	21.49659863945579	3.1127880299642188
19.333333333333332	17.798359733284475	3.3333333333333335	7.580980435789033	16.0	15.222487902147746	29.7	3.292101309875314
7.333333333333333	11.121068335350712	4.666666666666667	8.603661343041528	2.6666666666666665	6.9149180728352055	20.266666666666666	4.689925617624504
12.666666666666666	12.298957997167564	8.0	11.26483695950092	4.666666666666667	10.08013865987462	21.481481481481477	4.311550845896451
26.0	16.73320053068151	3.3333333333333335	7.580980435789033	22.666666666666668	17.991057804352145	34.32506887052341	2.611048330968902
12.0	15.402641958779176	3.3333333333333335	9.222660747548288	8.666666666666666	13.578211078487255	48.333333333333336	3.150043331210819
10.0	14.621665549733924	10.0	14.621665549733924	0.0	0.0	29.62962962962963	5.3273700165042674
4.0	8.136762043449725	4.0	8.136762043449725	0.0	0.0	15.833333333333334	3.570915398271037
15.333333333333334	17.167196733251497	4.666666666666667	10.080138659874619	10.666666666666666	13.628907749221197	26.008230452674898	3.2893417584604374
26.0	20.443361623831795	4.0	8.136762043449725	22.0	20.577858874578496	34.84848484848485	2.8304892375945467
9.333333333333334	12.576204496597136	6.666666666666667	9.58926602970768	2.6666666666666665	6.9149180728352055	20.0	4.152273992686999
5.333333333333333	10.416609195243755	5.333333333333333	10.416609195243755	0.0	0.0	20.133333333333333	3.4011492310620577
18.0	17.694729392558173	4.666666666666667	8.603661343041527	13.333333333333334	16.045911141715074	30.433333333333334	2.5688227993991024
15.333333333333334	13.578211078487255	5.333333333333333	8.995528902176071	10.0	12.594470598448051	21.927083333333332	3.295032970593595
8.666666666666666	13.578211078487257	8.666666666666666	13.578211078487257	0.0	0.0	26.666666666666664	5.536365323582664
7.333333333333333	12.29895799716756	7.333333333333333	12.29895799716756	0.0	0.0	27.4074074074074	5.637958482276942
11.333333333333334	14.558640835892124	6.666666666666667	12.129568697262455	4.666666666666667	8.603661343041528	23.28125	3.134414697465805
25.333333333333332	18.143742786394725	3.3333333333333335	7.580980435789033	22.0	18.457780342511768	33.994490358126725	2.6290268426015815
8.0	11.26483695950092	4.0	8.136762043449725	4.0	8.136762043449725	20.0	3.7481370425733647
8.666666666666666	12.521246311585855	4.0	8.136762043449725	4.666666666666667	10.08013865987462	22.31292517006803	3.4705604398592413
33.333333333333336	16.045911141715077	3.3333333333333335	9.222660747548282	30.0	13.64576478442026	38.79629629629628	2.0286020648339482
18.666666666666668	18.14374278639472	5.333333333333333	8.995528902176071	13.333333333333334	16.883645082279113	25.761316872427983	3.577138347985981
5.333333333333333	8.99552890217607	5.333333333333333	8.99552890217607	0.0	0.0	17.708333333333332	2.882081483608838
5.333333333333333	8.99552890217607	4.0	8.136762043449725	1.3333333333333333	5.074162634049252	15.625	5.626197190606298
16.666666666666668	13.97863723152492	5.333333333333333	8.99552890217607	11.333333333333334	12.52124631158585	25.267489711934154	3.15560321196392
23.333333333333332	17.48562628094235	3.3333333333333335	7.580980435789033	20.0	17.419766814227707	35.70247933884297	2.7912477189932487
5.333333333333333	8.99552890217607	5.333333333333333	8.99552890217607	0.0	0.0	20.925925925925927	4.768665759236527
6.666666666666667	10.933445471810678	5.333333333333333	10.416609195243755	1.3333333333333333	5.0741626340492525	19.066666666666666	2.7156422156974505
20.0	16.609095970747994	3.3333333333333335	7.580980435789033	16.666666666666668	16.678156958735876	30.9	2.630720368106883
9.333333333333334	12.576204496597136	5.333333333333333	8.99552890217607	4.0	8.136762043449725	20.7482993197279	3.867847161116854
18.0	16.89725543925138	18.0	16.89725543925138	0.0	0.0	25.0	0.0
10.0	13.64576478442026	10.0	13.64576478442026	0.0	0.0	27.03703703703703	5.600077033263676
16.666666666666668	15.829551877538357	6.0	9.321831993987981	10.666666666666666	14.605934866804427	22.291666666666668	3.2030483415273197
24.0	16.10311599745795	3.3333333333333335	7.580980435789034	20.666666666666668	17.005746155310284	32.46666666666667	2.6487906587767536
6.0	9.321831993987981	4.666666666666667	8.603661343041528	1.3333333333333333	5.0741626340492525	19.333333333333332	3.3356313917471754
9.333333333333334	14.60593486680443	6.0	9.321831993987981	3.3333333333333335	9.222660747548288	17.777777777777786	3.4679091986818595
26.666666666666668	18.44532149509656	4.0	8.136762043449725	22.666666666666668	18.742048122232852	35.39944903581268	2.7201677215057165
13.333333333333334	16.04591114171507	4.666666666666667	8.603661343041528	8.666666666666666	13.578211078487259	26.378600823045257	3.4232290012338704
6.666666666666667	10.933445471810678	6.0	10.699661612438481	0.6666666666666666	3.651483716701108	17.083333333333332	3.2551903735136736
6.0	9.321831993987981	5.333333333333333	8.995528902176071	0.6666666666666666	3.651483716701109	16.041666666666668	3.9128894723705785
15.333333333333334	17.167196733251494	2.6666666666666665	6.9149180728352055	12.666666666666666	15.297809925141147	26.460905349794242	2.7640659318805207
32.666666666666664	25.98850320527472	3.3333333333333335	7.580980435789033	29.333333333333332	26.12085087769372	39.74537037037037	2.6281753011645175
9.333333333333334	13.6289077492212	6.0	10.699661612438481	3.3333333333333335	7.580980435789034	21.49659863945579	2.7710634854055627
8.666666666666666	12.521246311585854	6.666666666666667	10.933445471810678	2.0	6.102571532587294	28.42592592592593	4.821380237361183
20.666666666666668	17.798359733284478	4.0	8.136762043449725	16.666666666666668	16.678156958735876	35.81267217630854	2.799111986553643
11.333333333333334	13.578211078487255	8.0	11.26483695950092	3.3333333333333335	7.580980435789033	22.96875	2.9914907157780393
8.666666666666666	12.521246311585854	8.666666666666666	12.521246311585854	0.0	0.0	28.148148148148145	5.637958482276942
4.0	9.684683962230046	4.0	9.684683962230046	0.0	0.0	22.222222222222214	7.226896453227138E-15
14.0	15.887535778195694	8.0	11.26483695950092	6.0	10.699661612438481	22.447916666666668	2.915479797514063
21.333333333333332	19.605300714142437	4.666666666666667	8.603661343041528	16.666666666666668	18.257418583505537	30.2	2.8454440293454955
7.333333333333333	9.802650357071222	5.333333333333333	8.99552890217607	2.0	6.102571532587294	20.8	3.220623199491591
9.333333333333334	12.576204496597134	5.333333333333333	10.416609195243755	4.0	8.136762043449725	21.700680272108855	2.860324624930384
29.333333333333332	18.74204812223285	4.0	8.136762043449725	25.333333333333332	18.14374278639473	45.09259259259261	2.8599747895380063
18.0	15.177115259040727	6.0	10.699661612438481	12.0	13.493293353264109	25.92592592592592	2.788989247196117
7.333333333333333	9.802650357071222	6.0	9.321831993987981	1.3333333333333333	5.074162634049254	17.291666666666668	4.549575261216288
8.0	12.429109325317308	7.333333333333333	12.29895799716756	0.6666666666666666	3.651483716701108	16.666666666666668	3.4167017099408374
16.0	19.226418606016907	4.0	8.136762043449725	12.0	17.88854381999832	26.008230452674898	3.2572289645815524
22.666666666666668	18.742048122232852	4.0	8.136762043449725	18.666666666666668	19.605300714142437	36.39118457300275	3.1487594579317006
8.666666666666666	12.521246311585855	7.333333333333333	9.802650357071222	1.3333333333333333	5.0741626340492525	19.351851851851855	4.027585101305952
8.0	11.26483695950092	5.333333333333333	8.995528902176071	2.6666666666666665	6.9149180728352055	19.866666666666667	3.7114299998353957
21.333333333333332	18.888663510036974	6.0	9.321831993987981	15.333333333333334	17.167196733251497	30.766666666666666	3.14788745070386
8.666666666666666	12.521246311585855	6.0	10.699661612438481	2.6666666666666665	6.9149180728352055	20.95238095238096	2.932226131771991
32.0	19.369367924460093	31.333333333333332	20.126039631889032	0.6666666666666666	3.651483716701108	3.3333333333333335	8.643647591044012
18.0	16.060231457944763	18.0	16.060231457944763	0.0	0.0	25.0	0.0
6.666666666666667	10.933445471810678	3.3333333333333335	7.580980435789034	3.3333333333333335	9.222660747548286	19.795918367346943	3.437991816762092
23.333333333333332	18.257418583505537	4.666666666666667	8.603661343041528	18.666666666666668	16.553639735893345	30.533333333333335	2.968028874909886
4.0	8.136762043449725	3.3333333333333335	7.580980435789034	0.6666666666666666	3.651483716701108	19.466666666666665	3.1043166090454437
12.0	16.27352408689945	6.0	10.699661612438481	6.0	11.919268665368751	21.388888888888893	4.679488861703958
27.333333333333332	18.557149999176975	4.666666666666667	8.603661343041527	22.666666666666668	17.991057804352145	41.70798898071625	3.5446166629084854
14.0	14.994251772159108	4.0	8.136762043449725	10.0	11.447029429446781	23.59375	3.187679592641774
7.333333333333333	12.298957997167562	7.333333333333333	12.298957997167562	0.0	0.0	26.666666666666668	5.536365323582663
6.666666666666667	10.933445471810678	5.333333333333333	8.99552890217607	1.3333333333333333	7.302967433402216	16.875	3.724771457927735
20.666666666666668	19.9885024422806	8.0	12.429109325317308	12.666666666666666	17.79835973328448	25.637860082304524	3.5764036466436235
32.666666666666664	21.323992207796387	2.0	6.102571532587294	30.666666666666668	22.732831086237418	39.4212962962963	1.5547870866827918
8.666666666666666	12.521246311585855	6.0	9.321831993987981	2.6666666666666665	6.914918072835206	23.469387755102044	3.965628075707781
10.0	14.621665549733924	8.0	12.429109325317308	2.0	6.102571532587294	19.733333333333334	4.0593301072394
13.333333333333334	17.68173289473968	4.0	8.136762043449725	9.333333333333334	12.576204496597132	30.666666666666668	2.537081317024625
9.333333333333334	11.426929274467321	3.3333333333333335	7.580980435789033	6.0	10.699661612438481	23.072916666666668	2.7428926245321095
10.666666666666666	14.605934866804429	10.666666666666666	14.605934866804429	0.0	0.0	26.296296296296287	5.445916865039566
6.0	10.699661612438481	6.0	10.699661612438481	0.0	0.0	27.77777777777777	5.6505291968400835
12.0	12.429109325317308	5.333333333333333	8.99552890217607	6.666666666666667	9.589266029707682	22.34375	2.6954198660524757
28.0	22.034455776789912	4.666666666666667	8.603661343041528	23.333333333333332	20.398332138265335	37.27272727272726	3.094943441614437
9.333333333333334	11.426929274467321	4.666666666666667	8.603661343041527	4.666666666666667	10.080138659874619	20.64814814814815	3.62422708934957
8.666666666666666	11.36641554311871	4.666666666666667	10.080138659874619	4.0	8.136762043449725	21.02040816326531	3.7189305198489
26.666666666666668	19.884725264649113	2.6666666666666665	6.9149180728352055	24.0	18.495106528950878	39.930555555555564	2.5839332101270753
16.666666666666668	15.829551877538357	3.3333333333333335	7.580980435789033	13.333333333333334	14.223180044375187	24.93827160493827	3.2486119416417925
7.333333333333333	9.802650357071222	6.0	9.321831993987981	1.3333333333333333	5.0741626340492525	16.458333333333332	3.8434243741148646
6.0	9.321831993987981	6.0	9.321831993987981	0.0	0.0	16.875	3.724771457927735
9.333333333333334	13.628907749221199	4.666666666666667	8.603661343041528	4.666666666666667	10.08013865987462	48.31275720164608	5.922850533513884
22.0	17.694729392558173	4.0	8.136762043449725	18.0	16.89725543925138	34.352617079889804	2.555893563991161
8.0	11.26483695950092	5.333333333333333	8.99552890217607	2.6666666666666665	6.914918072835206	21.75925925925926	5.414066736940172
7.333333333333333	9.802650357071222	6.666666666666667	9.589266029707682	0.6666666666666666	3.651483716701109	19.6	4.620792587633754
23.333333333333332	20.398332138265342	5.333333333333333	10.416609195243755	18.0	17.694729392558173	31.233333333333334	2.725148946683317
8.666666666666666	12.521246311585855	3.3333333333333335	7.580980435789034	5.333333333333333	10.416609195243755	21.156462585034024	3.4518883641795792
32.0	19.369367924460093	31.333333333333332	20.126039631889032	0.6666666666666666	3.651483716701108	3.3333333333333335	8.643647591044012
18.0	16.89725543925138	18.0	16.89725543925138	0.0	0.0	25.0	0.0
13.333333333333334	14.223180044375187	9.333333333333334	14.60593486680443	4.0	8.136762043449725	51.7687074829932	8.59992136582703
23.333333333333332	19.710549133051487	6.0	9.321831993987981	17.333333333333332	17.99105780435215	30.5	2.431829168228779
6.666666666666667	12.129568697262455	4.0	8.136762043449725	2.6666666666666665	6.9149180728352055	19.2	3.546732347503486
6.666666666666667	9.58926602970768	5.333333333333333	8.99552890217607	1.3333333333333333	5.0741626340492525	19.07407407407408	4.236850374117966
26.666666666666668	21.866890943621364	3.3333333333333335	7.580980435789033	23.333333333333332	21.70862427276524	34.76584022038568	2.9911020029991
17.333333333333332	19.464084224865136	5.333333333333333	8.99552890217607	12.0	15.402641958779176	26.090534979423865	2.5679121502644278
10.666666666666666	12.576204496597132	8.0	11.26483695950092	2.6666666666666665	8.683449709106101	16.666666666666668	3.7904902178945172
8.0	12.429109325317308	5.333333333333333	10.416609195243755	2.6666666666666665	8.683449709106096	16.25	4.216654172895034
19.333333333333332	17.798359733284475	6.0	9.321831993987981	13.333333333333334	16.883645082279113	25.925925925925927	2.593707315747606
30.0	22.742941307367104	2.6666666666666665	6.914918072835206	27.333333333333332	20.66703744569137	40.30092592592593	2.2958594911663606
8.666666666666666	13.578211078487259	4.666666666666667	10.080138659874619	4.0	11.017227888394956	21.15646258503402	2.6518880821708906
8.0	11.26483695950092	6.0	9.321831993987981	2.0	6.102571532587294	18.8	3.951429248189606
21.333333333333332	18.888663510036974	4.666666666666667	8.603661343041528	16.666666666666668	15.829551877538359	30.566666666666666	2.7124659010516274
10.666666666666666	13.628907749221197	4.666666666666667	8.603661343041528	6.0	9.321831993987981	22.5	3.3737226190581864
7.333333333333333	13.373502709187434	7.333333333333333	13.373502709187434	0.0	0.0	27.037037037037035	5.600077033263675
8.666666666666666	13.578211078487257	8.666666666666666	13.578211078487257	0.0	0.0	25.555555555555543	5.178795552215545
10.0	10.170952554312155	3.3333333333333335	7.580980435789033	6.666666666666667	9.589266029707682	23.541666666666668	2.8111027819300234
20.666666666666668	18.557149999176975	6.666666666666667	12.129568697262451	14.0	14.994251772159108	31.133333333333333	2.445732854463524
6.666666666666667	10.933445471810678	6.666666666666667	10.933445471810678	0.0	0.0	19.066666666666666	4.290593828632447
9.333333333333334	12.576204496597134	6.0	9.321831993987981	3.3333333333333335	9.222660747548288	18.333333333333336	4.100690946773922
26.0	15.887535778195694	6.0	9.321831993987981	20.0	15.756771943166706	34.7107438016529	1.953318835929757
15.333333333333334	17.95268365940626	6.0	9.321831993987981	9.333333333333334	12.576204496597132	26.70781893004116	3.101001456378699
6.666666666666667	10.933445471810678	6.0	10.699661612438481	0.6666666666666666	3.651483716701108	16.458333333333332	3.843424374114864
4.666666666666667	10.080138659874619	4.666666666666667	10.080138659874619	0.0	0.0	25.555555555555543	5.178795552215545
12.666666666666666	13.373502709187434	6.0	10.699661612438481	6.666666666666667	10.933445471810678	23.489583333333332	3.0287809146623643
21.333333333333332	18.14374278639472	2.6666666666666665	6.9149180728352055	18.666666666666668	17.366899418212185	35.97796143250688	3.195166423735203
6.666666666666667	12.129568697262455	5.333333333333333	10.416609195243755	1.3333333333333333	5.074162634049252	21.203703703703706	3.3811491711562103
4.666666666666667	8.603661343041528	3.3333333333333335	7.580980435789034	1.3333333333333333	5.074162634049254	20.4	3.538945878511636
23.333333333333332	19.71054913305149	4.666666666666667	8.603661343041528	18.666666666666668	16.553639735893345	30.733333333333334	3.2688006166275057
8.0	12.429109325317308	3.3333333333333335	7.580980435789034	4.666666666666667	10.080138659874619	31.564625850340125	2.3807848203496933
17.333333333333332	16.386144974533725	17.333333333333332	16.386144974533725	0.0	0.0	25.0	0.0
