#meanGeneralizationError	stdDevGeneralizationError	meanGeneralizationMisclassifiedError	stdDevGeneralizationMisclassifiedError	meanGeneralizationUnclassifiedError	stdDevGeneralizationUnclassifiedError	meanUnlabeledNeuronPercentages	stdDevUnlabeledNeuronPercentages
45.0	12.321919387668462	45.0	12.321919387668462	0.0	0.0	0.0	0.0
31.428571428571427	9.490911983284567	30.952380952380956	9.984740879660658	0.47619047619047616	1.8122009407318744	33.27823691460055	3.972005255031259
39.28571428571429	12.687717855359143	28.33333333333333	13.061233652940722	10.95238095238095	8.744825218241006	31.6796875	4.440025822403504
42.14285714285714	21.416252616729214	42.14285714285714	21.416252616729214	0.0	0.0	40.000000000000014	5.375500532464127
33.33333333333333	17.926793558281897	33.33333333333333	17.926793558281897	0.0	0.0	33.78600823045267	5.5352576865689915
46.19047619047618	14.497607525854994	27.619047619047613	12.11795960029994	18.571428571428573	10.376447102389335	30.36008230452675	3.2848948656938197
28.80952380952381	10.85431213638262	28.09523809523809	11.553098254878954	0.7142857142857142	2.17948983306689	41.952662721893496	2.497661199291023
40.71428571428571	15.598543752741563	40.71428571428571	15.598543752741563	0.0	0.0	36.875	7.404201393523954
43.0952380952381	20.245096828077447	43.0952380952381	20.245096828077447	0.0	0.0	43.733333333333334	10.016997049268682
28.571428571428573	10.444046821238517	27.380952380952387	10.288473448570832	1.1904761904761902	2.7074930127817978	40.272108843537424	4.481898669545976
42.38095238095238	17.887494730836934	31.428571428571423	12.527239848128014	10.95238095238095	10.22844850445809	40.86795937211449	4.454602830761615
33.8095238095238	12.146961539507346	32.857142857142854	12.243138508357838	0.9523809523809523	2.4696135974411457	23.633333333333333	4.817234385665366
32.85714285714286	18.43641716366042	32.61904761904762	18.634162075252394	0.23809523809523808	1.3041013273932531	29.010416666666668	7.673146526824991
32.142857142857146	14.499629930485867	28.095238095238095	13.121707835270218	4.047619047619047	5.5275311623404795	47.84313725490196	5.836859766834401
38.57142857142858	15.872468518203632	33.095238095238095	15.294819503215368	5.476190476190475	6.680433826184392	11.273148148148147	3.141232496849302
50.95238095238095	11.055062324680957	50.95238095238095	11.055062324680957	0.0	0.0	55.555555555555586	2.890758581290855E-14
47.142857142857146	16.09262422785846	47.142857142857146	16.09262422785846	0.0	0.0	37.083333333333336	6.754096245387242
29.76190476190476	11.267856004361356	29.285714285714285	10.993888648442647	0.47619047619047616	1.8122009407318742	42.781065088757394	2.1873905553762003
44.523809523809526	11.514964918625484	29.999999999999996	11.774326488191491	14.523809523809524	10.69099822819072	30.080738177623992	4.721659625310874
39.99999999999999	16.735723694305317	39.99999999999999	16.735723694305317	0.0	0.0	36.510416666666664	7.017567306267073
31.42857142857143	15.422731972837427	31.42857142857143	15.422731972837427	0.0	0.0	33.36666666666667	4.413797593388521
47.61904761904762	14.20337518903508	29.523809523809526	11.82402838278096	18.095238095238095	11.824028382780963	36.177285318559555	3.1268912252708914
33.0952380952381	12.650686859620453	29.761904761904766	11.422925534812357	3.3333333333333326	5.543422516152578	43.970370370370375	4.435137125563155
40.7142857142857	20.561265962662244	40.47619047619047	19.96948175932131	0.23809523809523808	1.3041013273932527	12.685185185185185	6.045596811870018
42.142857142857146	17.12540162208771	42.142857142857146	17.12540162208771	0.0	0.0	38.266666666666666	8.831500568920921
39.285714285714285	15.210232120323372	26.42857142857143	11.736911946539275	12.857142857142856	8.046312113929227	16.173469387755098	2.7917712479613317
39.523809523809526	12.82334547100447	31.19047619047619	12.925833655817536	8.33333333333333	8.406318903865602	44.722222222222236	5.252451188431247
32.857142857142854	13.604445189837532	32.38095238095237	13.491902507169272	0.47619047619047616	1.8122009407318744	28.02469135802469	5.569963814648993
39.28571428571429	17.770726864324317	39.28571428571429	17.770726864324317	0.0	0.0	20.884353741496604	5.838681518929173
31.19047619047619	12.226362153299565	28.095238095238088	13.121707835270218	3.0952380952380945	4.849361099459733	47.096354166666664	4.136128380065458
29.52380952380952	11.522601681873672	28.333333333333332	11.63655172928185	1.1904761904761902	2.7074930127817978	36.36574074074074	4.4986048836238215
51.904761904761905	13.77579256189717	51.904761904761905	13.77579256189717	0.0	0.0	55.555555555555586	2.890758581290855E-14
51.904761904761905	13.77579256189717	51.904761904761905	13.77579256189717	0.0	0.0	55.555555555555586	2.890758581290855E-14
33.095238095238095	12.510844463157863	30.71428571428572	12.032971358667323	2.3809523809523805	4.331988820450877	25.6712962962963	4.697518679473723
38.57142857142857	13.34329911399732	32.38095238095237	12.959816275996234	6.190476190476188	6.425377787268622	50.091145833333336	4.009522951900131
39.047619047619044	16.431605345616948	38.80952380952381	16.84922304284529	0.23809523809523808	1.3041013273932531	36.59863945578231	8.126824599374826
32.857142857142854	14.481418120999567	29.523809523809522	14.375742594206445	3.3333333333333326	4.491501605927546	11.7	3.7705757357876193
30.714285714285715	12.880384029662448	29.047619047619047	13.12170783527022	1.6666666666666663	3.6000495213837915	67.1191135734072	2.8428218529207037
29.76190476190476	14.660518405096367	25.47619047619047	13.485381003924882	4.285714285714284	5.171240777147077	34.8469387755102	4.368750062345041
44.761904761904766	20.022272374512696	44.761904761904766	20.022272374512696	0.0	0.0	35.733333333333334	9.623725471667559
37.14285714285714	16.288220358559112	36.904761904761905	16.46903704919336	0.23809523809523808	1.3041013273932531	31.75925925925926	9.218139858721246
29.761904761904763	11.267856004361354	28.33333333333333	11.015204981881585	1.4285714285714282	2.9059864440891867	47.0074074074074	5.247954320442745
50.714285714285715	11.152768107210067	30.476190476190467	12.001251009933291	20.238095238095237	10.624969815469534	54.46666666666667	3.0841176386764837
32.38095238095237	10.894758104874768	31.428571428571423	10.544633863132939	0.9523809523809523	3.1012320389664643	32.92011019283747	3.500151880279657
33.57142857142857	22.677092578135447	33.57142857142857	22.677092578135447	0.0	0.0	40.989583333333336	5.754661794015853
37.38095238095238	11.514964918625486	30.952380952380953	11.764360911722804	6.428571428571426	5.0854762771560775	47.727797001153405	6.422830682064747
29.04761904761905	11.086845032305154	28.0952380952381	10.764796100839892	0.9523809523809523	3.101232038966461	40.53254437869823	3.646754664957654
42.85714285714286	15.00644946968258	42.85714285714286	15.00644946968258	0.0	0.0	32.708333333333336	9.383377483001832
50.00000000000001	11.714405862654303	50.00000000000001	11.714405862654303	0.0	0.0	55.555555555555586	2.890758581290855E-14
33.33333333333332	11.764360911722804	32.619047619047606	11.816586425650492	0.7142857142857142	2.17948983306689	32.175925925925924	3.835556114211425
38.095238095238095	10.66628547289778	30.23809523809523	10.55852849804841	7.857142857142855	7.105815283093025	40.35755478662054	6.324728526039587
38.333333333333336	15.748209390001161	37.14285714285714	15.053271578685969	1.1904761904761902	3.7904902178945172	34.322916666666664	7.6379568288042945
33.0952380952381	13.718202095425648	32.61904761904762	13.871245341985547	0.47619047619047616	1.8122009407318747	29.9	4.648692808477046
40.0	11.502225712469965	29.285714285714285	13.441823457951534	10.714285714285715	9.51867677780276	46.76823638042477	5.433145004534645
40.476190476190474	13.826782714860304	31.9047619047619	11.522601681873674	8.571428571428568	7.361195019711581	25.555555555555557	5.105944415043991
37.38095238095237	18.728338022516052	37.38095238095237	18.728338022516052	0.0	0.0	39.72222222222222	9.84528031530925
47.61904761904762	16.172597101915247	47.61904761904762	16.172597101915247	0.0	0.0	33.2	9.520938812011606
29.04761904761905	9.914009829449853	28.809523809523814	10.35664740335816	0.23809523809523808	1.3041013273932531	46.258503401360535	2.2830129642551484
42.38095238095238	12.57396600754147	30.714285714285708	11.586045624024205	11.666666666666666	7.843322671705458	39.331275720164605	4.854874863037936
31.190476190476193	17.74430688782722	30.71428571428572	17.90879230045405	0.47619047619047616	1.8122009407318742	39.25925925925925	6.273341070961431
39.04761904761905	16.958505194395435	38.80952380952382	16.84922304284529	0.23809523809523808	1.3041013273932527	38.979591836734706	6.849825189638801
49.047619047619044	13.621676919594234	32.857142857142854	13.210790377822057	16.190476190476193	10.262791461201973	22.65625	2.34375
30.952380952380953	14.809764041156317	30.952380952380953	14.809764041156317	0.0	0.0	35.48209366391185	4.531486262302401
51.42857142857143	13.83526280318578	51.42857142857143	13.83526280318578	0.0	0.0	30.0	24.91364395612199
50.47619047619048	12.29094477577361	50.47619047619048	12.29094477577361	0.0	0.0	26.666666666666668	25.370813170246244
32.38095238095238	12.959816275996234	29.52380952380952	12.823345471004473	2.8571428571428563	4.819033340451467	29.228650137741045	4.8747689931056275
35.238095238095234	13.255107142269269	29.999999999999996	13.18412881607983	5.238095238095237	6.202464077932924	43.645833333333336	5.55176119377715
34.76190476190475	13.360867652368778	33.80952380952381	13.647483719337254	0.9523809523809523	2.469613597441145	7.278911564625849	3.11048026637258
34.76190476190475	14.857206012244191	34.523809523809526	14.540018950033163	0.23809523809523808	1.3041013273932531	31.152263374485592	5.913525884556379
33.57142857142858	10.800148564151375	29.04761904761904	10.26279146120197	4.523809523809522	5.46350354469327	48.98148148148149	4.828052394632463
40.0	15.192872138877824	31.42857142857143	15.308233492703717	8.571428571428568	8.046312113929229	27.023809523809522	5.081738870868551
45.23809523809525	17.226125083991935	45.23809523809525	17.226125083991935	0.0	0.0	38.53333333333333	8.881337788843538
37.857142857142854	15.371313201171233	37.61904761904761	15.115475445242403	0.23809523809523808	1.3041013273932531	19.722222222222218	8.642108342952199
28.09523809523809	10.600103124678167	26.904761904761905	10.390566645051393	1.1904761904761902	3.2938074098386725	47.06666666666667	2.9210703847087136
48.80952380952381	15.132924213831012	29.285714285714285	13.177454996965245	19.523809523809526	13.517957058325402	35.42012927054478	2.7313495372362904
31.19047619047619	17.54488897803861	30.714285714285715	17.410674813647308	0.47619047619047616	1.8122009407318742	35.36666666666667	5.7684237572909085
34.285714285714285	17.933334990193924	34.047619047619044	17.564932650581664	0.23809523809523808	1.3041013273932527	36.354166666666664	7.487117767957464
51.42857142857142	12.357562850575	37.14285714285714	9.818909215609297	14.285714285714285	11.254837102261936	61.6955017301038	5.659609185815653
32.85714285714285	11.952286093343938	31.666666666666664	10.390566645051393	1.1904761904761902	3.2938074098386716	40.4930966469428	3.5594092830011217
46.42857142857143	15.777972155772941	46.42857142857143	15.777972155772941	0.0	0.0	37.083333333333336	6.551629612143276
40.47619047619047	18.024665769997046	40.47619047619047	18.024665769997046	0.0	0.0	34.375	5.626197190606298
35.71428571428571	11.7144058626543	33.09523809523809	12.226362153299567	2.6190476190476186	3.971810119768111	36.7258382642998	7.283459898634097
40.47619047619048	12.059746487342226	30.238095238095234	10.558528498048409	10.238095238095237	10.72385998057352	48.3641975308642	5.666870012888458
29.999999999999996	13.578556593229056	29.999999999999996	13.578556593229056	0.0	0.0	31.27572016460904	5.261188937740855
36.19047619047619	14.642506704124894	33.33333333333333	14.809764041156317	2.8571428571428563	4.0231560569646145	7.217630853994491	3.1595865978717614
47.61904761904761	11.61385116240197	27.380952380952376	8.613062541995966	20.238095238095234	10.28847344857083	39.46666666666667	3.806603457816097
35.7142857142857	12.583290418172218	29.761904761904756	11.726914575094332	5.95238095238095	5.653411384835128	34.22222222222222	5.382911327065002
39.76190476190475	18.634162075252398	39.76190476190475	18.634162075252398	0.0	0.0	42.5	9.05701866280084
39.523809523809526	19.46986821317314	39.523809523809526	19.46986821317314	0.0	0.0	33.6	9.253517504543694
28.809523809523807	10.525150558368809	27.857142857142854	10.669034161378637	0.9523809523809523	3.1012320389664625	45.86734693877551	2.1907863268529297
45.714285714285715	13.860671939014546	27.857142857142854	14.692484686505374	17.857142857142865	10.897449165334452	46.85133887349955	3.2400405269582486
31.9047619047619	12.823345471004476	31.19047619047619	12.925833655817534	0.7142857142857142	2.17948983306689	33.666666666666664	5.067362323688747
36.666666666666664	15.092179039752901	36.42857142857143	15.047426782667284	0.23809523809523808	1.304101327393253	41.63265306122451	5.073105847068288
32.38095238095237	12.823345471004476	28.80952380952381	11.78677161003378	3.5714285714285703	4.873487423007236	42.369791666666664	5.362590823755958
29.761904761904766	13.537465063908986	29.28571428571429	13.177454996965245	0.47619047619047616	1.8122009407318753	37.6851851851852	2.585112819049571
51.666666666666664	14.122632368480298	51.666666666666664	14.122632368480298	0.0	0.0	55.18518518518522	2.0286020648339496
52.38095238095238	13.698951471010979	52.38095238095238	13.698951471010979	0.0	0.0	55.555555555555586	2.890758581290855E-14
31.190476190476186	10.18535696962259	30.47619047619047	10.764796100839895	0.7142857142857142	2.17948983306689	37.93981481481481	2.9826470893676555
45.23809523809523	15.277555639241186	29.761904761904756	9.940592951341243	15.476190476190476	10.116028719962248	24.84375	3.075099981728937
39.761904761904766	19.5555231235381	39.761904761904766	19.5555231235381	0.0	0.0	39.7278911564626	5.740698315697944
36.19047619047619	20.628182976478943	35.952380952380956	20.245096828077443	0.23809523809523808	1.3041013273932527	37.16049382716049	7.557372269393886
43.80952380952381	14.128859736623824	26.19047619047619	9.441350746446668	17.619047619047617	11.368891796488876	32.0679012345679	3.447722324953812
36.19047619047619	11.086845032305154	28.809523809523807	11.63655172928185	7.380952380952378	6.356557047601599	52.465986394557824	3.224263005828902
42.38095238095239	14.521857792358958	42.38095238095239	14.521857792358958	0.0	0.0	2.2666666666666666	3.2688006166275065
37.85714285714286	17.20739084779796	37.85714285714286	17.20739084779796	0.0	0.0	39.35185185185186	9.171841489917004
40.47619047619048	15.392282324234966	38.333333333333336	15.179356204961106	2.142857142857142	3.8213077187280278	60.666666666666664	5.693759887831676
50.95238095238095	16.431605345616948	31.666666666666668	15.202519020374893	19.285714285714285	10.961836426739222	44.25	4.954099660712919
32.857142857142854	13.210790377822054	31.42857142857143	13.474504817782638	1.4285714285714282	3.4588157007964444	30.137741046831955	5.234709714976731
31.904761904761905	17.26692922742416	31.666666666666668	16.84922304284529	0.23809523809523808	1.3041013273932531	24.84375	6.796549858453793
35.238095238095234	13.77579256189717	30.000000000000007	12.914486244574148	5.238095238095236	7.001893112193726	47.11649365628604	5.480179477833724
33.57142857142857	12.032971358667323	31.666666666666664	11.51496491862549	1.9047619047619042	3.7202175697299116	38.14595660749508	4.8464774176992735
49.761904761904766	16.828326933470823	49.761904761904766	16.828326933470823	0.0	0.0	37.5	5.685735326841776
50.00000000000001	11.097419040461883	50.00000000000001	11.097419040461883	0.0	0.0	53.70370370370373	7.196880581840053
32.142857142857146	12.687717855359141	30.952380952380956	12.489733057815961	1.1904761904761902	2.7074930127817964	37.98611111111112	2.481506202103282
41.66666666666667	10.11602871996225	29.523809523809526	10.054974389301298	12.142857142857146	9.774012276167127	35.7439446366782	5.333621882593683
36.19047619047619	20.966557377559127	35.952380952380956	20.928763372187056	0.23809523809523808	1.3041013273932527	39.427083333333336	6.259197614494917
30.95238095238095	15.731443089096874	30.71428571428571	15.710926645014885	0.23809523809523808	1.304101327393253	36.333333333333336	5.844734342998824
50.23809523809523	13.195244346943984	29.523809523809526	12.545951195148145	20.714285714285715	8.86802128708572	34.78301015697137	3.2546664231601072
28.809523809523807	10.35664740335816	27.380952380952372	9.940592951341243	1.4285714285714282	2.9059864440891867	48.592592592592595	2.677712330217724
39.04761904761905	16.854443022226842	39.04761904761905	16.854443022226842	0.0	0.0	39.35185185185185	9.679939068892201
47.142857142857146	17.456087460941916	47.142857142857146	17.456087460941916	0.0	0.0	36.875	5.997035905776487
30.0	9.818909215609299	29.04761904761905	9.914009829449853	0.9523809523809523	2.4696135974411453	37.850098619329394	4.472714550724032
37.38095238095237	14.851284053856178	28.33333333333333	11.330138501826033	9.047619047619046	6.745951253584635	44.23868312757202	5.890372747815111
33.80952380952381	15.346494570859425	32.857142857142854	15.422731972837424	0.9523809523809523	2.4696135974411453	24.032921810699584	6.6501959263542005
39.76190476190477	16.53300851723639	39.76190476190477	16.53300851723639	0.0	0.0	32.17687074829931	6.940086255578429
31.19047619047619	12.789000229064797	30.714285714285715	12.60424512114437	0.47619047619047616	1.812200940731874	59.674479166666664	3.329899213759584
35.476190476190474	12.226362153299565	30.71428571428571	11.885863489021832	4.761904761904761	7.101687594517539	9.366391184573006	3.2069386457081035
50.952380952380956	14.375742594206445	50.952380952380956	14.375742594206445	0.0	0.0	28.333333333333332	25.200346649686548
50.71428571428571	15.394187191802958	50.71428571428571	15.394187191802958	0.0	0.0	33.333333333333336	23.973165074269204
30.476190476190478	13.12170783527022	30.238095238095237	12.538937712146785	0.23809523809523808	1.3041013273932527	34.87603305785124	4.533911091726108
46.666666666666664	12.545951195148147	30.952380952380953	13.826782714860306	15.714285714285715	9.073939763354929	37.018229166666664	3.561989724810947
33.095238095238095	14.70844177476689	33.095238095238095	14.70844177476689	0.0	0.0	37.68707482993198	7.980597572975119
31.666666666666668	16.953317256112285	31.42857142857143	16.840519481624614	0.23809523809523808	1.3041013273932531	35.59670781893003	8.615072967874884
42.61904761904763	11.935100913940536	30.476190476190478	11.24441112772009	12.142857142857142	10.961836426739222	36.553497942386834	5.096498839427137
29.04761904761904	10.927007089386535	28.09523809523809	10.600103124678165	0.9523809523809523	2.4696135974411457	41.63708086785011	2.777495716065449
41.42857142857144	16.923888899483323	41.42857142857144	16.923888899483323	0.0	0.0	37.291666666666664	8.285603252894013
34.99999999999999	16.603798858200342	34.99999999999999	16.603798858200342	0.0	0.0	38.05555555555556	7.480284858085943
43.33333333333333	14.762169604065262	36.19047619047619	12.290944775773609	7.14285714285714	7.264966110222969	29.703703703703702	5.027073008611985
43.80952380952381	13.360867652368778	33.09523809523809	11.015204981881585	10.714285714285714	9.332017936193417	47.51615881809787	5.247163299593896
34.285714285714285	14.578284873958642	34.047619047619044	14.732345000354726	0.23809523809523808	1.304101327393253	31.3	5.989358379083978
38.57142857142856	18.244565770519742	37.857142857142854	18.488827293635406	0.7142857142857142	2.17948983306689	15.46875	5.355587186889903
36.19047619047619	13.775792561897168	29.761904761904763	12.023220164716758	6.428571428571426	6.034734085446921	43.79469434832757	5.904898177897373
30.000000000000004	12.069468170893842	28.095238095238095	11.704389267524085	1.9047619047619047	5.283428254600478	31.36574074074074	4.066006866929586
51.904761904761905	13.77579256189717	51.904761904761905	13.77579256189717	0.0	0.0	55.555555555555586	2.890758581290855E-14
43.80952380952381	16.107194284467102	43.80952380952381	16.107194284467102	0.0	0.0	35.0	7.628214415734117
28.809523809523807	13.845855609885096	27.380952380952383	12.31239703741491	1.4285714285714284	4.745455991642284	41.55818540433924	2.4895917119312507
37.619047619047606	11.399799579292667	28.809523809523803	10.356647403358163	8.809523809523807	6.938792758461264	39.12341407151096	5.939233357641777
30.71428571428571	15.024024860601218	30.476190476190474	15.115475445242403	0.23809523809523808	1.304101327393253	35.885416666666664	5.722386923730784
31.904761904761894	13.491902507169268	31.42857142857142	13.474504817782641	0.47619047619047616	1.8122009407318742	33.69146005509642	5.806187819590238
40.71428571428573	13.546126270850012	39.52380952380954	13.360867652368782	1.1904761904761902	3.293807409838671	78.30833333333334	2.470239529546342
28.095238095238095	11.853749489700672	26.42857142857143	10.961836426739222	1.6666666666666663	3.6000495213837915	47.037037037037045	3.4899763214090758
40.23809523809523	18.615269712765528	39.99999999999999	18.531598060376723	0.23809523809523808	1.3041013273932527	34.907407407407405	7.947094289653599
42.857142857142854	19.403490040621804	42.857142857142854	19.403490040621804	0.0	0.0	37.733333333333334	8.577972324238536
33.8095238095238	11.244411127720092	30.23809523809524	10.55852849804841	3.5714285714285703	4.498025213731447	40.56122448979592	3.8711334351304276
46.9047619047619	12.255107558540855	28.09523809523809	10.76479610083989	18.809523809523807	10.854312136382616	37.848568790397046	4.0237671693711965
33.57142857142856	10.127616385525151	31.904761904761894	11.368891796488874	1.6666666666666663	3.072736193943402	11.2	4.0886723247663594
38.8095238095238	17.464484251778636	38.8095238095238	17.464484251778636	0.0	0.0	32.517006802721085	7.268589452798779
30.238095238095234	12.397834896071611	28.809523809523803	11.935100913940536	1.4285714285714282	3.4588157007964444	50.247395833333336	5.744183192275991
33.80952380952381	11.399799579292672	30.23809523809524	11.361151712671116	3.5714285714285703	4.873487423007235	19.282407407407405	4.922921662104336
50.47619047619048	11.086845032305156	50.47619047619048	11.086845032305156	0.0	0.0	55.555555555555586	2.890758581290855E-14
50.476190476190474	11.704389267524089	50.476190476190474	11.704389267524089	0.0	0.0	55.555555555555586	2.890758581290855E-14
30.952380952380945	13.439641874969068	30.238095238095234	12.538937712146787	0.7142857142857142	2.17948983306689	37.06018518518518	3.234091655532396
34.761904761904766	11.97189609191692	30.476190476190467	12.573966007541467	4.285714285714284	5.811972888178373	46.94348327566321	6.76250659377943
39.047619047619044	16.32418467781045	38.80952380952381	16.210626888386315	0.23809523809523808	1.3041013273932531	29.166666666666668	6.400837880677235
30.95238095238095	12.059746487342228	30.47619047619047	12.57396600754147	0.47619047619047616	1.8122009407318744	30.133333333333333	4.840442650984646
40.47619047619048	13.826782714860306	29.761904761904763	11.422925534812354	10.714285714285715	9.51867677780276	46.63896583564174	5.275702999841471
41.42857142857144	13.707510641774826	33.57142857142856	14.426644752600447	7.857142857142853	8.035372187573012	19.52380952380953	3.855294968714003
45.47619047619047	16.93254960774146	45.47619047619047	16.93254960774146	0.0	0.0	37.6	9.831686984720234
42.85714285714286	14.650514638387243	42.61904761904762	15.063007865570722	0.23809523809523808	1.3041013273932527	9.35185185185185	4.583744515013136
33.333333333333336	12.348067987205729	27.619047619047617	11.055062324680957	5.714285714285712	6.605395188911029	43.34814814814815	4.6973750931468
41.90476190476191	15.551477856568496	34.047619047619044	13.221883494545178	7.857142857142855	6.853755320887413	74.05	1.9689398512730232
32.857142857142854	15.982925442490531	32.38095238095238	15.437934275170837	0.47619047619047616	2.6082026547865054	35.39944903581268	4.043407463664233
30.714285714285715	17.81028334479708	30.714285714285715	17.81028334479708	0.0	0.0	34.11522633744856	6.0087455628465625
50.0	14.529932220445938	30.952380952380953	9.984740879660658	19.04761904761904	12.768348739488305	29.8559670781893	3.453037757428255
30.476190476190474	12.29094477577361	29.047619047619044	11.24441112772009	1.4285714285714284	3.458815700796444	41.834319526627226	2.0029931639096183
48.80952380952381	14.89859381229857	48.80952380952381	14.89859381229857	0.0	0.0	38.333333333333336	6.9118006702846335
45.476190476190474	16.932549607741457	45.476190476190474	16.932549607741457	0.0	0.0	37.916666666666664	5.427156068191309
37.38095238095238	13.088145564001051	34.285714285714285	13.184128816079834	3.0952380952380945	4.849361099459733	37.79092702169625	7.54370186854527
38.57142857142857	10.376447102389333	30.714285714285715	10.299867110366202	7.857142857142855	9.444455943289858	48.696655132641304	5.5078714025769635
28.809523809523803	12.789000229064804	28.809523809523803	12.789000229064804	0.0	0.0	27.96875	7.146740689184705
36.19047619047619	15.115475445242406	35.238095238095234	14.277501744486143	0.9523809523809523	3.101232038966463	25.1	4.482533150828431
42.14285714285713	14.081046199376152	29.523809523809522	12.545951195148142	12.619047619047617	8.322183486198186	41.81902123730379	5.295227009042272
34.52380952380952	9.20547624345811	31.19047619047619	8.894433918283855	3.3333333333333326	4.867467053293284	38.02962962962963	5.37617953304255
40.0	21.18913853455904	40.0	21.18913853455904	0.0	0.0	43.7037037037037	10.079857103552625
40.714285714285715	16.261194920400783	40.47619047619048	16.06344446817156	0.23809523809523808	1.3041013273932527	36.93333333333333	10.435130762141338
27.380952380952383	9.940592951341243	26.90476190476191	10.219844732989277	0.47619047619047616	2.6082026547865054	47.43197278911565	2.231918741471729
50.0	12.442690581591222	30.714285714285708	12.880384029662444	19.285714285714285	10.636003016589228	30.617283950617285	3.552874621928078
34.285714285714285	14.087291950936054	33.33333333333333	14.570237241618097	0.9523809523809523	3.1012320389664625	35.144032921810684	6.4983023501983554
34.761904761904766	18.25741858350554	34.761904761904766	18.25741858350554	0.0	0.0	40.612244897959194	7.8831241930859415
37.85714285714286	13.150725851802827	29.523809523809515	11.213075039498586	8.33333333333333	8.4063189038656	35.8203125	5.037187861334651
30.952380952380942	10.991221199986926	30.714285714285705	10.961836426739222	0.23809523809523808	1.3041013273932527	35.75757575757576	3.9779303817724125
51.66666666666666	14.491538618510637	51.66666666666666	14.491538618510637	0.0	0.0	38.333333333333336	21.509153357603818
51.42857142857143	14.211630566186052	51.42857142857143	14.211630566186052	0.0	0.0	20.0	24.91364395612199
33.333333333333336	14.5702372416181	30.47619047619048	14.52185779235896	2.8571428571428563	4.438967616184753	13.774104683195592	3.5816325598626264
30.71428571428572	10.299867110366202	29.04761904761905	10.600103124678165	1.6666666666666667	3.6000495213837915	49.674479166666664	4.440894773841324
41.42857142857144	17.636568752282173	41.42857142857144	17.636568752282173	0.0	0.0	32.72108843537415	7.775508049178283
34.523809523809526	11.575917959829969	33.80952380952381	11.399799579292672	0.7142857142857142	2.17948983306689	26.131687242798353	6.386949406347122
39.04761904761904	12.262283380893924	28.80952380952381	11.330138501826033	10.238095238095239	8.734760194512585	48.8888888888889	4.205880309351043
32.61904761904762	11.816586425650494	29.523809523809526	11.055062324680957	3.0952380952380945	4.471873682709233	40.52721088435374	4.038928906630572
41.904761904761905	15.664198427056085	41.904761904761905	15.664198427056085	0.0	0.0	40.0	10.13018704936747
34.04761904761905	17.66480987325694	34.04761904761905	17.66480987325694	0.0	0.0	35.37037037037037	7.472574139376808
31.190476190476193	12.510844463157861	29.761904761904763	11.726914575094332	1.4285714285714282	3.4588157007964444	48.71111111111112	3.250516545387029
50.00000000000001	15.006449469682577	29.285714285714285	11.766853097093781	20.714285714285715	13.177454996965245	34.11819021237304	3.518290083308413
28.0952380952381	14.998631574143026	27.857142857142865	14.811743823805514	0.23809523809523808	1.3041013273932527	33.333333333333336	6.944773938543375
30.476190476190478	14.762169604065265	30.23809523809524	14.851284053856176	0.23809523809523808	1.304101327393253	33.125	6.282244410048547
43.57142857142857	15.95538290015315	30.714285714285715	13.283833756416897	12.857142857142861	9.996480731898755	32.15686274509804	4.728649675216553
32.14285714285714	13.49407564119434	30.95238095238095	12.768348739488305	1.1904761904761902	2.7074930127817978	37.17592592592594	4.275919717221717
47.14285714285715	14.236367974926853	47.14285714285715	14.236367974926853	0.0	0.0	22.592592592592588	18.10130268999399
48.33333333333335	18.15595637945149	48.33333333333335	18.15595637945149	0.0	0.0	39.375	5.480667433556007
31.190476190476193	13.972342910501176	30.000000000000004	14.087291950936057	1.1904761904761902	2.7074930127817978	49.23076923076925	6.314739426632298
44.52380952380952	13.088145564001051	30.000000000000004	13.184128816079834	14.523809523809526	8.489620548000158	44.33127572016461	4.044946748609933
33.57142857142857	15.02402486060122	32.85714285714286	15.07662810410352	0.7142857142857142	2.17948983306689	17.777777777777775	4.705005803221073
34.04761904761905	12.538937712146787	33.33333333333333	12.629809210528345	0.7142857142857142	2.17948983306689	27.71349862258953	3.6493804003805455
45.47619047619047	13.718202095425651	27.619047619047624	13.491902507169266	17.857142857142865	9.332017936193413	43.84166666666667	4.811302844081971
51.904761904761905	15.686645343410918	44.047619047619044	16.036040221087003	7.857142857142855	8.035372187573016	63.27407407407407	5.830567367103801
35.238095238095234	18.563216575196236	35.238095238095234	18.563216575196236	0.0	0.0	40.740740740740755	11.095135385938175
42.14285714285714	15.844733972258853	41.904761904761905	15.664198427056084	0.23809523809523808	1.3041013273932531	10.933333333333334	6.720700565562641
29.76190476190476	11.110622399135718	27.380952380952376	10.789283220792962	2.38095238095238	3.9048019542181014	43.14625850340136	3.072005801601173
47.38095238095239	12.789000229064797	28.571428571428566	11.7144058626543	18.80952380952381	11.786771610033782	34.15512465373961	3.3242191209810965
31.66666666666666	10.88668093230403	30.952380952380945	10.829972051127193	0.7142857142857142	2.8755564281174912	37.36666666666667	6.8101513139973795
30.714285714285722	15.710926645014887	30.714285714285722	15.710926645014887	0.0	0.0	40.00000000000001	6.979637105754236
38.095238095238095	12.629809210528348	30.71428571428572	11.586045624024207	7.380952380952379	8.489620548000158	35.026041666666664	7.15096050060257
33.09523809523809	7.843322671705458	32.38095238095238	8.118868245084792	0.7142857142857142	2.17948983306689	39.37499999999999	3.26309907293859
51.19047619047618	11.110622399135721	51.19047619047618	11.110622399135721	0.0	0.0	54.814814814814845	4.057204129667898
49.76190476190475	12.510844463157865	49.76190476190475	12.510844463157865	0.0	0.0	53.703703703703724	5.896318116724808
29.523809523809515	11.824028382780961	28.33333333333332	11.78677161003378	1.1904761904761902	2.7074930127817978	48.14814814814814	4.171984686274152
34.52380952380951	15.132924213831009	29.523809523809526	13.360867652368778	4.999999999999998	5.355089918628253	40.963541666666664	4.942904297224759
37.61904761904761	20.022272374512692	37.38095238095238	20.26246962603524	0.23809523809523808	1.3041013273932527	41.6326530612245	5.32179788179808
29.523809523809522	13.094864899891968	29.523809523809522	13.094864899891968	0.0	0.0	32.96296296296296	5.882039135590912
48.8095238095238	12.594936223920914	26.428571428571427	11.278260305751001	22.380952380952383	10.22844850445809	26.01851851851852	2.1216015289723176
29.04761904761904	10.600103124678167	27.380952380952376	11.11062239913572	1.6666666666666667	4.849361099459736	44.557823129251695	3.2746757432071596
47.14285714285714	16.840519481624618	47.14285714285714	16.840519481624618	0.0	0.0	36.266666666666666	10.709110956156183
40.71428571428571	16.369028959535566	40.238095238095234	16.40481612284624	0.47619047619047616	1.8122009407318744	42.777777777777764	10.611366870200108
35.238095238095234	14.762169604065264	30.476190476190474	11.244411127720094	4.76190476190476	7.345244415876861	36.54814814814814	5.783885169776374
49.761904761904745	14.097695387809964	31.42857142857143	10.20548899513581	18.333333333333336	11.047102360376591	39.791666666666664	4.823203316250006
35.0	15.955382900153152	35.0	15.955382900153152	0.0	0.0	59.61432506887052	5.954580937039685
32.857142857142854	18.626292586293285	32.857142857142854	18.626292586293285	0.0	0.0	33.385416666666664	6.415945319768892
33.57142857142858	14.056035440379212	30.714285714285715	11.433188722448545	2.8571428571428568	5.500943556706849	51.084198385236455	4.956748879827758
38.333333333333336	14.345114601325777	34.285714285714285	13.184128816079834	4.047619047619047	4.849361099459733	33.49112426035503	4.683986778393187
47.3809523809524	14.097695387809962	47.3809523809524	14.097695387809962	0.0	0.0	37.708333333333336	4.780565601606611
51.19047619047618	14.047688625248638	51.19047619047618	14.047688625248638	0.0	0.0	55.18518518518522	2.0286020648339496
29.047619047619044	8.582368497478255	28.57142857142857	8.596023825918794	0.47619047619047616	1.8122009407318742	38.703703703703695	2.5462237305345488
44.2857142857143	11.471593898531975	26.42857142857143	10.469284184224309	17.857142857142854	8.544703822020521	26.45905420991926	2.2179109580871788
35.47619047619048	22.469255978493596	35.47619047619048	22.469255978493596	0.0	0.0	36.145833333333336	7.857985405079141
29.285714285714292	14.572249566362398	29.04761904761905	14.153741810028858	0.23809523809523808	1.3041013273932527	36.13333333333333	6.673330003329172
31.428571428571427	10.873205644391245	29.04761904761904	8.582368497478255	2.3809523809523805	5.079707158705424	68.76269621421974	4.273899147238207
32.38095238095237	12.959816275996234	29.999999999999996	12.777531299998799	2.3809523809523805	4.331988820450877	44.217687074829946	3.0327473639671783
40.714285714285715	19.864955758233286	40.714285714285715	19.864955758233286	0.0	0.0	31.066666666666666	9.551794680016704
49.76190476190475	18.803339175707524	49.76190476190475	18.803339175707524	0.0	0.0	36.875	7.404201393523954
33.8095238095238	12.85075557453725	30.476190476190474	10.764796100839897	3.3333333333333326	4.491501605927545	20.69033530571992	5.140837433226588
35.95238095238095	10.18535696962259	30.47619047619047	10.089907816093975	5.476190476190474	5.837143958263405	47.97325102880658	5.775688934949915
33.0952380952381	15.970078167279341	31.66666666666667	15.881702603875182	1.4285714285714282	4.35897966613378	32.59259259259259	6.789929948092132
38.0952380952381	16.06344446817156	37.61904761904763	16.345725287151712	0.47619047619047616	1.8122009407318747	2.653061224489796	2.5223583357471564
34.047619047619044	12.397834896071608	31.190476190476186	12.650686859620455	2.8571428571428563	4.438967616184753	50.5859375	5.49538426456675
31.666666666666664	11.51496491862549	30.714285714285715	11.121173799803366	0.9523809523809523	3.101232038966462	28.20936639118458	3.92908058419842
44.761904761904766	13.902917303475096	44.761904761904766	13.902917303475096	0.0	0.0	0.0	0.0
50.0	15.805823849393544	50.0	15.805823849393544	0.0	0.0	26.666666666666668	25.370813170246244
37.61904761904762	13.121707835270222	37.38095238095239	13.088145564001051	0.23809523809523808	1.304101327393253	36.19834710743802	4.791520945953675
29.285714285714292	13.828903224452539	27.619047619047624	12.262283380893926	1.6666666666666665	3.6000495213837915	51.106770833333336	4.4064010951207315
38.09523809523809	17.020637112976832	38.09523809523809	17.020637112976832	0.0	0.0	37.00680272108845	6.815844718553172
37.38095238095238	12.678470246364217	35.47619047619047	13.327907645778575	1.9047619047619042	3.2126888936343114	9.094650205761317	3.0497322862997236
44.28571428571427	15.513722331441235	29.047619047619044	13.775792561897166	15.238095238095239	9.328875313462042	39.80452674897118	4.973720239230437
34.99999999999999	13.043261530698464	30.95238095238095	11.764360911722806	4.047619047619047	5.199514584247187	34.91124260355029	4.334301246555273
46.19047619047619	19.46986821317314	46.19047619047619	19.46986821317314	0.0	0.0	38.125	6.217588372706398
42.38095238095239	17.78886783656771	42.38095238095239	17.78886783656771	0.0	0.0	33.46666666666667	10.890468256717647
29.523809523809522	10.732059696297284	28.57142857142857	10.444046821238521	0.9523809523809523	2.4696135974411453	45.28911564625851	2.3233498222170796
51.42857142857142	11.62394577635675	27.619047619047617	11.824028382780963	23.809523809523807	10.991221199986922	29.427516158818094	2.020823377302141
33.80952380952382	15.574087237816206	33.33333333333334	15.27755563924119	0.47619047619047616	1.8122009407318742	35.5	6.3612512323739665
40.47619047619049	17.729428349599022	40.47619047619049	17.729428349599022	0.0	0.0	39.895833333333336	6.040861519874367
38.095238095238095	14.20337518903508	30.95238095238095	14.078963666465349	7.142857142857141	7.018624063435964	41.349480968858124	5.165793421322079
27.619047619047617	12.11795960029994	25.952380952380956	12.08160927462853	1.6666666666666663	3.6000495213837915	37.73148148148148	3.570604924384586
51.904761904761905	14.277501744486143	51.904761904761905	14.277501744486143	0.0	0.0	55.555555555555586	2.890758581290855E-14
42.38095238095238	16.55959035848177	42.38095238095238	16.55959035848177	0.0	0.0	35.208333333333336	6.458449201778553
33.095238095238095	12.369421180575987	31.42857142857143	12.243138508357838	1.6666666666666663	3.072736193943402	32.52465483234713	5.397466526959191
36.9047619047619	11.422925534812356	31.428571428571427	10.873205644391247	5.476190476190474	5.837143958263406	42.32987312572087	4.446419785899919
35.71428571428571	13.911350981717181	35.238095238095234	14.153741810028857	0.47619047619047616	1.8122009407318747	10.9375	6.1686516298972895
32.85714285714286	10.710179837256508	31.666666666666668	9.869545515813625	1.1904761904761902	2.7074930127817978	33.05785123966941	3.9246822836871966
45.238095238095234	14.20337518903508	28.333333333333332	11.173781348841347	16.904761904761905	11.015204981881585	46.275	4.947722394855205
39.523809523809526	13.621676919594233	31.666666666666664	10.046222052471405	7.857142857142855	7.105815283093027	27.185185185185183	5.786710846490286
41.428571428571445	20.667945447864195	41.428571428571445	20.667945447864195	0.0	0.0	44.35185185185185	10.558159926073742
37.61904761904762	16.237736490169585	37.61904761904762	16.237736490169585	0.0	0.0	25.333333333333332	9.816711062874065
27.85714285714285	9.987677136415694	26.19047619047619	9.98474087966066	1.6666666666666663	3.6000495213837915	44.04761904761905	2.9517528256628895
42.14285714285714	12.770644998609379	29.52380952380953	13.750226577793258	12.619047619047622	9.506346880428103	36.95473251028807	3.1992297038743427
38.57142857142856	19.000351861625816	38.33333333333333	19.08196820753129	0.23809523809523808	1.3041013273932527	37.283950617283956	8.934418188629225
38.095238095238095	16.70766713862551	37.61904761904762	16.77072838365747	0.47619047619047616	1.8122009407318744	34.89795918367347	6.995052652264363
50.0	10.444046821238517	35.0	12.770644998609377	15.000000000000002	10.669034161378635	50.598958333333336	5.141179866903178
31.904761904761905	12.262283380893928	31.190476190476193	11.935100913940532	0.7142857142857142	2.17948983306689	38.356481481481474	3.6000573771896676
51.19047619047619	14.295973327816185	51.19047619047619	14.295973327816185	0.0	0.0	54.81481481481485	4.057204129667896
51.42857142857142	11.0018871134137	51.42857142857142	11.0018871134137	0.0	0.0	54.44444444444447	4.4730877770716555
28.809523809523814	12.650686859620452	28.0952380952381	13.255107142269269	0.7142857142857142	2.17948983306689	37.26851851851852	3.4618299141461413
40.0	15.07662810410352	29.523809523809522	13.62167691959423	10.476190476190476	10.56685650920096	35.130208333333336	6.498408465909084
42.14285714285713	19.704895314785187	42.14285714285713	19.704895314785187	0.0	0.0	40.680272108843546	5.411006205971599
38.80952380952381	13.743827650938796	38.57142857142856	13.474504817782641	0.23809523809523808	1.3041013273932531	35.1	6.249689647466917
49.523809523809526	12.986938348792833	27.380952380952387	11.110622399135721	22.14285714285715	11.309415780315438	32.659279778393355	3.0452238565224454
27.85714285714285	9.987677136415694	26.190476190476186	9.806956795822078	1.6666666666666667	4.059434122542395	45.646258503401356	3.4440784556650326
45.23809523809525	18.3151446250539	45.00000000000001	18.58373976175741	0.23809523809523808	1.3041013273932527	40.0	10.398938937914904
39.52380952380952	19.105003870267765	39.52380952380952	19.105003870267765	0.0	0.0	42.12962962962964	11.113106461959761
33.8095238095238	11.244411127720092	29.523809523809526	10.22844850445809	4.285714285714284	5.811972888178374	39.18518518518518	4.42922041361678
48.33333333333333	13.871245341985544	28.333333333333332	13.061233652940722	20.0	11.31719124756625	42.125	4.977427496484365
36.19047619047619	13.387177230166325	32.38095238095237	12.40492815586585	3.8095238095238084	5.543422516152578	19.44903581267217	5.306209176029996
28.809523809523807	13.71820209542565	28.09523809523809	13.25510714226927	0.7142857142857142	2.17948983306689	28.518518518518523	4.143721411016062
39.047619047619044	10.566856509200957	30.952380952380953	12.059746487342226	8.095238095238093	8.744825218241004	46.65637860082304	6.14247712327218
40.238095238095234	14.467237530503741	28.57142857142857	14.650514638387243	11.666666666666666	7.843322671705459	10.907297830374754	2.047898212955702
44.04761904761906	19.32019662566181	44.04761904761906	19.32019662566181	0.0	0.0	38.75	7.229310550424761
42.14285714285713	16.06526975588476	42.14285714285713	16.06526975588476	0.0	0.0	39.166666666666664	8.518067343263251
29.999999999999996	11.922810620376962	28.809523809523803	11.935100913940538	1.1904761904761902	2.7074930127817973	41.55818540433925	2.370347025607541
44.52380952380952	12.8164837856094	27.619047619047613	10.399029168494373	16.904761904761905	11.786771610033778	50.957324106113035	2.5860849843101414
33.333333333333336	16.388721569987368	33.333333333333336	16.388721569987368	0.0	0.0	36.510416666666664	6.336727647398051
30.952380952380942	11.461365101225057	30.476190476190467	11.553098254878956	0.47619047619047616	2.6082026547865054	34.36666666666667	5.4613585106280285
48.33333333333333	12.816483785609398	26.9047619047619	13.871245341985544	21.428571428571427	8.996050427462894	33.52723915050785	2.895693789308795
36.666666666666664	15.5514778565685	33.57142857142857	14.668516506294212	3.0952380952380945	4.471873682709232	42.62222222222223	5.452500100279726
35.714285714285715	13.130643285972255	35.714285714285715	13.130643285972255	0.0	0.0	0.5555555555555556	1.3450949947541728
43.0952380952381	19.716796203875415	43.0952380952381	19.716796203875415	0.0	0.0	39.733333333333334	9.273370600749793
34.761904761904766	14.497607525854995	26.90476190476191	11.964546108971845	7.857142857142855	8.251415335060274	16.27551020408163	2.896550142626238
38.809523809523824	13.354282158999494	30.714285714285708	11.433188722448541	8.095238095238093	8.541271524705088	46.32716049382716	4.830229062160563
30.952380952380945	12.204758669380118	30.47619047619047	12.14696153950735	0.47619047619047616	1.8122009407318742	29.7119341563786	5.510992296720421
36.666666666666664	15.5514778565685	36.666666666666664	15.5514778565685	0.0	0.0	27.48299319727891	7.835307556345832
32.61904761904762	15.202519020374895	28.809523809523807	12.650686859620455	3.8095238095238084	7.440435139459825	50.729166666666664	4.363985776447974
31.19047619047618	9.090082704000233	30.952380952380942	8.864714174799511	0.23809523809523808	1.3041013273932527	32.31404958677686	4.7219547318300465
49.52380952380952	12.7131140952032	49.52380952380952	12.7131140952032	0.0	0.0	31.666666666666668	24.506625892678045
50.476190476190474	11.704389267524089	50.476190476190474	11.704389267524089	0.0	0.0	55.555555555555586	2.890758581290855E-14
32.38095238095238	12.117959600299942	31.42857142857143	12.098586351139902	0.9523809523809523	2.469613597441145	39.21296296296296	2.275853468685239
44.285714285714285	14.698470624698928	30.476190476190474	15.1154754452424	13.809523809523812	13.121707835270218	30.026041666666668	4.366396507721634
37.380952380952394	18.252599839239096	37.14285714285715	18.225269555950373	0.23809523809523808	1.304101327393253	40.95238095238096	6.202464077932923
32.38095238095238	18.63888217379779	32.38095238095238	18.63888217379779	0.0	0.0	36.17283950617284	8.2157879856157
31.666666666666664	12.110698263624572	31.428571428571427	12.098586351139902	0.23809523809523808	1.3041013273932527	76.18312757201647	3.4853727447222598
30.952380952380953	9.806956795822078	29.047619047619044	10.764796100839892	1.9047619047619044	4.166373435611962	44.081632653061234	3.04829547467961
44.047619047619044	17.097984511654552	43.80952380952381	17.16473699495651	0.23809523809523808	1.3041013273932527	24.4	7.30422645719114
40.95238095238095	22.18955296641118	40.95238095238095	22.18955296641118	0.0	0.0	42.03703703703703	9.30575808475588
41.19047619047619	15.317807721854528	27.857142857142865	11.915430359304331	13.333333333333336	9.698722198919468	19.39259259259259	2.496439922953739
42.619047619047606	12.650686859620455	30.23809523809523	10.723859980573522	12.380952380952378	10.26279146120197	46.204986149584485	5.2585809942881
34.76190476190475	11.52260168187367	34.047619047619044	11.205227324757134	0.7142857142857142	2.17948983306689	29.066666666666666	4.940566303805551
36.19047619047618	14.642506704124894	35.476190476190474	14.70844177476689	0.7142857142857142	2.17948983306689	23.854166666666668	5.253753105676198
37.61904761904761	10.432810619146021	32.61904761904761	9.689648076678068	4.999999999999998	5.976143046671968	45.58246828143021	7.015769119645219
31.428571428571427	11.804172737566022	30.47619047619047	11.70438926752409	0.9523809523809523	2.4696135974411457	37.31755424063116	4.789342082528068
41.66666666666666	17.097984511654545	41.66666666666666	17.097984511654545	0.0	0.0	36.458333333333336	4.666499894392779
40.0	14.959480811532137	40.0	14.959480811532137	0.0	0.0	7.708333333333333	7.987620630283672
29.285714285714285	10.83267920578793	28.33333333333333	10.356647403358162	0.9523809523809523	3.1012320389664625	42.07100591715977	3.860957494780452
45.476190476190474	11.015204981881585	32.61904761904761	10.558528498048412	12.85714285714286	9.073939763354925	33.425925925925924	3.2705304387455696
34.04761904761905	15.88170260387518	34.04761904761905	15.88170260387518	0.0	0.0	33.41563786008229	6.953099158882506
35.238095238095234	19.306532581704236	33.333333333333336	19.25177942490251	1.9047619047619047	4.166373435611962	41.239669421487605	4.786357005120816
53.57142857142857	11.371470653683552	21.90476190476191	9.914009829449853	31.666666666666664	11.666750443719176	32.833333333333336	2.2660665196027163
27.61904761904761	11.055062324680955	26.190476190476183	10.50004747372622	1.4285714285714282	2.9059864440891867	48.62222222222222	3.2880189384801564
39.04761904761904	17.36852019556417	39.04761904761904	17.36852019556417	0.0	0.0	36.666666666666664	11.120685530045007
41.19047619047618	19.46534961916656	41.19047619047618	19.46534961916656	0.0	0.0	38.0	9.439462287432589
30.71428571428571	12.032971358667323	28.333333333333332	11.63655172928185	2.38095238095238	3.424737867752744	39.506802721088434	4.240578932441702
43.33333333333332	13.647483719337254	28.571428571428566	11.09741904046188	14.761904761904765	10.43281061914602	44.182825484764535	4.660143013923765
37.14285714285714	16.07074437514603	35.952380952380956	15.523169821709384	1.1904761904761902	3.7904902178945163	31.966666666666665	6.429904988483075
36.9047619047619	16.575519001423434	36.42857142857142	17.02235976235253	0.47619047619047616	1.812200940731874	33.125	5.131618938603537
36.66666666666666	10.399029168494373	30.95238095238095	9.98474087966066	5.714285714285713	6.605395188911029	46.79354094579007	4.190535941741071
38.33333333333333	12.925833655817538	31.428571428571427	12.098586351139902	6.9047619047619015	5.776549127439476	17.615740740740748	4.290479000522396
51.42857142857143	13.83526280318578	51.42857142857143	13.83526280318578	0.0	0.0	55.555555555555586	2.890758581290855E-14
51.42857142857143	13.83526280318578	51.42857142857143	13.83526280318578	0.0	0.0	55.555555555555586	2.890758581290855E-14
30.238095238095237	11.816586425650492	29.04761904761905	11.086845032305154	1.1904761904761902	2.7074930127817973	36.875	4.460989021771149
33.09523809523809	11.484367083536059	30.476190476190474	11.704389267524089	2.6190476190476186	5.776549127439479	42.161458333333336	5.349033442068559
35.714285714285715	13.395935606785367	35.47619047619048	13.718202095425648	0.23809523809523808	1.304101327393253	5.578231292517007	3.1220020255390106
35.714285714285715	14.52993222044594	35.476190476190474	14.588338171390937	0.23809523809523808	1.304101327393253	31.533333333333335	4.847561301800385
40.71428571428571	13.016256819471156	32.142857142857146	12.548288151710306	8.571428571428568	7.5964360694389095	46.1034164358264	5.550989205474854
38.33333333333334	13.195244346943985	32.857142857142854	13.343299113997322	5.476190476190475	7.187871297103225	24.01360544217687	5.415980523510539
36.42857142857144	18.884254282788888	36.42857142857144	18.884254282788888	0.0	0.0	41.333333333333336	10.678154733180595
41.904761904761905	14.128859736623822	41.666666666666664	14.295973327816183	0.23809523809523808	1.3041013273932531	31.018518518518523	10.648495191190632
28.095238095238095	11.85374948970067	26.90476190476191	10.88668093230403	1.1904761904761902	2.7074930127817973	47.11111111111109	2.6615532071837436
48.33333333333333	15.086349317380082	23.571428571428573	13.675386129271038	24.76190476190476	12.685406585123122	36.75833333333333	4.504061066632425
29.04761904761905	12.146961539507345	28.33333333333334	11.330138501826033	0.7142857142857142	2.17948983306689	36.280991735537185	3.780094248824968
36.19047619047618	18.3726892952542	36.19047619047618	18.3726892952542	0.0	0.0	34.53125	7.89663745412543
47.142857142857146	16.09262422785846	25.95238095238095	14.097695387809962	21.190476190476193	11.015204981881585	23.679354094579008	2.8106208273150886
29.047619047619044	10.927007089386537	28.09523809523809	10.764796100839892	0.9523809523809523	2.4696135974411453	42.110453648915204	2.326130481782715
44.04761904761905	16.36186213390327	44.04761904761905	16.36186213390327	0.0	0.0	37.708333333333336	6.458449201778554
50.95238095238095	11.67428791652681	50.95238095238095	11.67428791652681	0.0	0.0	55.555555555555586	2.890758581290855E-14
36.66666666666666	12.117959600299937	33.095238095238095	11.48436708353606	3.57142857142857	4.498025213731446	26.921296296296298	4.729974948414578
33.33333333333333	14.928086273651175	29.52380952380952	12.95981627599623	3.8095238095238084	5.852194633762044	50.5997693194925	5.194432864970345
30.47619047619048	16.129024691075994	30.000000000000004	15.738896983421368	0.47619047619047616	1.812200940731875	35.104166666666664	6.549059169510315
33.095238095238095	12.92583365581754	30.95238095238095	11.912969256239911	2.142857142857143	4.2568816662031255	10.866666666666667	3.62684752760655
28.809523809523807	10.52515055836881	28.33333333333333	10.18535696962259	0.47619047619047616	1.812200940731874	72.6223453370268	3.023190008330085
41.66666666666667	11.422925534812356	32.14285714285714	11.05771437277589	9.523809523809524	8.458478570239429	37.8074074074074	4.048128225662255
43.095238095238095	18.233312127082723	43.095238095238095	18.233312127082723	0.0	0.0	44.25925925925926	9.138419654344675
40.95238095238095	16.12902469107599	40.95238095238095	16.12902469107599	0.0	0.0	36.875	7.219988418177739
28.571428571428573	11.714405862654305	28.095238095238095	11.85374948970067	0.47619047619047616	1.8122009407318747	40.927021696252474	2.882445553662711
48.095238095238095	14.0288901337958	30.0	13.184128816079834	18.09523809523809	8.541271524705087	47.119341563786	3.5053428006359284
31.904761904761912	15.551477856568503	31.904761904761912	15.551477856568503	0.0	0.0	35.63786008230453	6.045805089154276
41.90476190476191	19.46986821317314	41.90476190476191	19.46986821317314	0.0	0.0	40.40816326530613	6.373010346977178
39.04761904761905	11.368891796488878	31.666666666666668	11.361151712671113	7.380952380952379	7.138750872243071	36.549479166666664	4.885030028064289
34.285714285714285	15.169694593515084	34.047619047619044	15.202519020374892	0.23809523809523808	1.3041013273932527	34.407713498622584	3.5095597034029944
49.2857142857143	14.205439483092787	49.2857142857143	14.205439483092787	0.0	0.0	26.666666666666668	25.370813170246244
50.00000000000001	12.995966461352632	50.00000000000001	12.995966461352632	0.0	0.0	20.0	24.91364395612199
31.9047619047619	14.003786224387458	30.95238095238095	13.308092458672512	0.9523809523809523	2.4696135974411453	35.123966942148755	6.214001320907691
34.52380952380952	12.594936223920914	28.095238095238106	11.704389267524087	6.428571428571427	7.813357623581304	46.197916666666664	5.586717690772792
37.380952380952394	17.862889059052222	36.90476190476192	17.90224190071025	0.47619047619047616	1.812200940731875	25.374149659863942	9.29339928886832
35.238095238095234	17.689691067625443	34.761904761904766	17.56993999595366	0.47619047619047616	1.8122009407318742	26.87242798353909	6.383657022740908
37.857142857142854	10.299867110366199	28.57142857142857	9.189536012895385	9.285714285714285	8.626669284352474	45.4835390946502	4.8296396449037085
45.71428571428571	14.722390039423168	40.476190476190474	15.506160194832312	5.238095238095236	7.487576699592313	53.668639053254445	5.474461805113685
38.333333333333336	17.343178243159727	38.333333333333336	17.343178243159727	0.0	0.0	35.833333333333336	5.9027073468865545
39.047619047619044	13.621676919594233	38.80952380952381	13.743827650938796	0.23809523809523808	1.3041013273932527	14.907407407407412	6.544349363016431
29.999999999999993	11.922810620376964	28.33333333333333	12.789000229064799	1.6666666666666663	3.6000495213837915	44.02962962962963	3.6648588755299607
50.23809523809525	14.467237530503743	30.0	11.922810620376962	20.23809523809524	13.79493595614884	34.72760849492151	2.8253942375011323
33.33333333333333	18.50626435330298	32.61904761904761	18.444367665200208	0.7142857142857142	2.17948983306689	37.06666666666667	7.263196471837021
37.38095238095239	18.252599839239096	36.90476190476191	18.09772258460267	0.47619047619047616	1.8122009407318744	38.854166666666664	6.561901313687574
50.714285714285715	14.081046199376152	34.047619047619044	13.22188349454518	16.666666666666668	11.613851162401966	29.377162629757784	4.042773905531928
30.47619047619047	10.432810619146025	29.52380952380952	10.228448504458088	0.9523809523809523	2.469613597441146	37.75462962962963	2.4432368505015316
52.38095238095238	13.698951471010979	52.38095238095238	13.698951471010979	0.0	0.0	55.555555555555586	2.890758581290855E-14
47.85714285714286	15.710926645014887	47.85714285714286	15.710926645014887	0.0	0.0	36.458333333333336	6.374478793207917
40.95238095238095	11.39979957929267	31.66666666666666	10.723859980573518	9.285714285714283	5.015808927555759	20.276134122287974	4.849465893661336
35.0	12.770644998609377	29.523809523809526	11.824028382780963	5.476190476190475	6.411672735502237	50.33448673587081	4.770201788121066
34.04761904761905	15.202519020374893	34.04761904761905	15.202519020374893	0.0	0.0	32.1875	7.583941178114678
32.857142857142854	13.9870252534208	31.666666666666668	14.122632368480298	1.1904761904761902	2.7074930127817978	28.209366391184563	3.1729757872805426
37.857142857142854	11.88586348902183	26.428571428571427	9.774012276167129	11.428571428571429	7.869448491710682	52.483333333333334	6.630628166701664
34.52380952380952	13.0072427901217	30.23809523809523	11.361151712671116	4.285714285714286	5.811972888178374	40.177777777777784	5.24135242313464
41.666666666666664	17.604951535150793	41.666666666666664	17.604951535150793	0.0	0.0	44.81481481481481	10.283687162424028
40.47619047619048	17.327955281803504	40.47619047619048	17.327955281803504	0.0	0.0	29.2	7.729923941277238
28.0952380952381	10.089907816093973	26.190476190476197	10.331134889820113	1.9047619047619042	3.212688893634311	45.816326530612244	2.0381756314502035
49.2857142857143	9.064240199103917	27.857142857142858	11.76685309709378	21.428571428571427	8.996050427462894	28.652263374485596	3.2310548084459665
34.52380952380953	17.70460300017637	34.52380952380953	17.70460300017637	0.0	0.0	35.51440329218108	8.206400217432494
35.0	19.344464428131882	35.0	19.344464428131882	0.0	0.0	40.408163265306136	6.236332339063038
37.14285714285714	15.626715247162604	28.809523809523807	12.369421180575987	8.333333333333332	9.394649631982958	35.0390625	4.369307700053619
28.333333333333332	12.789000229064797	27.142857142857142	12.214364935069913	1.1904761904761902	2.7074930127817973	37.4074074074074	3.567809443609864
47.38095238095239	14.221943048905944	47.142857142857146	14.602401159879857	0.23809523809523808	1.304101327393253	36.29629629629629	13.973560551774591
50.95238095238095	11.67428791652681	50.95238095238095	11.67428791652681	0.0	0.0	55.555555555555586	2.890758581290855E-14
27.380952380952383	8.814958604053675	26.904761904761905	8.933906452078366	0.47619047619047616	1.8122009407318755	37.56944444444444	2.749799230257777
45.95238095238095	12.110698263624572	27.142857142857146	11.001887113413698	18.80952380952381	10.356647403358162	32.65282583621684	2.0571124336958992
33.095238095238095	17.644879656448396	33.095238095238095	17.644879656448396	0.0	0.0	36.40625	6.372057087799231
30.952380952380956	15.161960871578069	30.238095238095237	15.202519020374893	0.7142857142857142	2.8755564281174912	37.0	5.508613944197478
46.666666666666664	12.823345471004473	27.380952380952372	10.458075097301267	19.28571428571429	11.586045624024203	36.47276084949215	4.544341691787145
29.28571428571428	10.669034161378637	27.619047619047613	9.878454389764583	1.6666666666666667	4.059434122542395	44.33673469387755	2.46093580361487
32.857142857142854	19.367187875914542	32.61904761904761	19.283737659455333	0.23809523809523808	1.3041013273932531	31.733333333333334	11.163157794908345
40.238095238095234	21.75315206303347	40.238095238095234	21.75315206303347	0.0	0.0	43.51851851851852	8.973891145605368
42.14285714285714	13.441823457951534	31.9047619047619	11.36889179648888	10.238095238095237	7.888056813959826	23.748148148148154	3.972975261078963
44.761904761904766	12.85075557453725	28.33333333333333	14.221943048905947	16.42857142857143	10.636003016589228	44.975	5.305880764741626
26.428571428571438	12.178302367627188	25.95238095238096	12.081609274628528	0.47619047619047616	1.8122009407318755	32.69972451790633	4.966666564185669
41.666666666666664	16.681321260781335	37.85714285714286	17.30933125882473	3.8095238095238084	5.21640530957301	12.386831275720162	5.202421566981783
31.428571428571423	12.24313850835784	29.999999999999996	12.069468170893842	1.4285714285714282	2.9059864440891867	66.81069958847735	3.884420839829607
35.952380952380956	14.467237530503741	31.904761904761905	14.252835728234425	4.047619047619047	4.849361099459733	28.461538461538467	6.198864574521609
47.38095238095238	15.636094466089501	47.38095238095238	15.636094466089501	0.0	0.0	38.541666666666664	7.7130887785469655
45.95238095238096	16.639081088505364	45.95238095238096	16.639081088505364	0.0	0.0	35.208333333333336	8.604600647261357
29.28571428571428	11.152768107210063	28.57142857142857	11.254837102261938	0.7142857142857142	2.8755564281174912	41.10453648915188	2.8641672491033408
40.952380952380956	16.77072838365747	30.71428571428571	13.54612627085001	10.238095238095237	11.666750443719177	38.83506343713955	5.530126677733474
37.38095238095239	17.464484251778636	37.14285714285714	17.834961593220992	0.23809523809523808	1.3041013273932527	38.229166666666664	6.89960981946947
35.714285714285715	13.911350981717183	35.476190476190474	13.459263391926354	0.23809523809523808	1.3041013273932531	33.13333333333333	5.575397516882932
48.57142857142857	14.211630566186052	23.57142857142857	10.961836426739223	24.999999999999993	10.569631054741542	34.40443213296398	1.7236337969322932
27.380952380952376	9.940592951341241	25.71428571428571	8.717959332267561	1.6666666666666663	3.600049521383791	47.92592592592592	3.2029856938336145
35.0	14.205439483092784	35.0	14.205439483092784	0.0	0.0	31.01851851851852	9.200805271980382
40.47619047619048	13.308092458672508	40.47619047619048	13.308092458672508	0.0	0.0	39.733333333333334	8.199803754309938
33.8095238095238	12.146961539507346	29.999999999999993	10.51121180167923	3.8095238095238084	5.21640530957301	37.04081632653062	5.340319080789626
40.71428571428571	14.426644752600449	27.619047619047613	13.750226577793258	13.095238095238097	10.458075097301265	48.940329218106996	3.737854590009782
34.76190476190475	11.674287916526808	34.285714285714285	12.069468170893845	0.47619047619047616	1.8122009407318747	14.773662551440328	4.4980838345581375
37.85714285714287	17.810283344797085	37.61904761904763	18.08313483396645	0.23809523809523808	1.3041013273932527	38.707482993197296	6.306939618358468
28.57142857142857	12.442690581591222	26.666666666666668	12.713114095203197	1.9047619047619042	3.2126888936343114	51.536458333333336	3.4574225123982902
34.047619047619044	11.81658642565049	32.85714285714286	11.192135572039568	1.1904761904761902	3.293807409838672	25.84022038567493	5.038463902553931
50.47619047619048	13.517957058325404	50.47619047619048	13.517957058325404	0.0	0.0	41.666666666666664	11.986582537134602
50.47619047619048	10.089907816093973	50.47619047619048	10.089907816093973	0.0	0.0	33.333333333333336	23.973165074269204
29.761904761904763	13.141804055761094	29.761904761904763	13.141804055761094	0.0	0.0	35.17906336088154	4.195488091389224
38.095238095238095	9.061004703659375	29.76190476190476	9.012332884998523	8.33333333333333	7.97677251999807	38.697916666666664	4.8104096818744315
35.23809523809525	16.237736490169585	35.00000000000001	16.49749943733077	0.23809523809523808	1.3041013273932527	41.428571428571445	4.857621842863065
32.14285714285714	14.37778214058746	31.666666666666668	14.122632368480298	0.47619047619047616	1.8122009407318742	32.839506172839506	4.901952436991532
42.38095238095239	14.998631574143024	23.57142857142857	13.415621048127699	18.809523809523807	13.061233652940722	36.26543209876544	4.28261714266314
28.333333333333332	11.484367083536059	27.857142857142858	11.152768107210065	0.47619047619047616	1.812200940731875	45.95238095238095	1.7102708702738456
40.952380952380956	18.845396152221834	40.952380952380956	18.845396152221834	0.0	0.0	33.2	9.345476501200073
40.95238095238095	18.563216575196233	40.7142857142857	18.29752543422705	0.23809523809523808	1.3041013273932527	39.16666666666667	8.79469972739372
36.90476190476191	14.418512483209827	29.52380952380952	15.437934275170837	7.380952380952378	7.615711502784422	30.78518518518519	5.6495446633154005
42.857142857142854	14.162026119670001	26.66666666666666	11.553098254878956	16.19047619047619	12.850755574537247	39.584487534626035	4.228880217797053
31.904761904761905	12.68540658512312	29.285714285714285	13.572076728105467	2.619047619047618	3.5009465560968636	5.066666666666666	2.0499509385774854
39.28571428571429	17.06365117477783	39.04761904761905	17.266929227424153	0.23809523809523808	1.3041013273932527	32.708333333333336	7.58764048138238
29.523809523809522	13.621676919594233	28.809523809523807	12.789000229064797	0.7142857142857142	2.17948983306689	63.51787773933101	2.29826801954412
37.857142857142854	13.150725851802827	33.33333333333332	12.48973305781596	4.523809523809522	5.131395730600987	19.65277777777778	4.339295865941316
51.904761904761905	13.77579256189717	51.904761904761905	13.77579256189717	0.0	0.0	55.555555555555586	2.890758581290855E-14
44.52380952380952	16.533008517236393	44.52380952380952	16.533008517236393	0.0	0.0	38.333333333333336	7.104009714449193
29.52380952380952	8.54127152470509	28.095238095238088	9.176763892737178	1.4285714285714282	3.458815700796445	42.09072978303748	2.239661524456279
44.761904761904766	11.086845032305158	26.666666666666668	10.262791461201973	18.0952380952381	10.894758104874766	32.0679012345679	2.2569393276950214
33.33333333333333	15.045478012759132	33.33333333333333	15.045478012759132	0.0	0.0	33.415637860082306	5.871157916564855
31.666666666666668	12.67847024636422	31.428571428571427	12.666901241083874	0.23809523809523808	1.304101327393253	37.54820936639119	5.1023331594996835
50.238095238095234	11.015204981881586	28.095238095238088	10.43281061914602	22.14285714285713	12.770644998609377	37.4	3.616652100187839
30.476190476190474	11.853749489700673	27.857142857142858	13.310295602874122	2.6190476190476186	4.392484998988416	47.17037037037037	2.7140950436150004
37.857142857142854	17.41067481364731	37.38095238095238	17.764125553968636	0.47619047619047616	1.8122009407318744	23.055555555555554	9.115583894178188
36.42857142857143	17.125401622087715	36.42857142857143	17.125401622087715	0.0	0.0	33.86666666666667	9.43848809244703
37.14285714285714	17.73604257417144	36.904761904761905	17.803696701323013	0.23809523809523808	1.3041013273932527	76.68367346938776	4.310836692268066
41.42857142857143	13.05000397701628	30.714285714285708	9.774012276167129	10.714285714285712	10.23131482047469	48.66112650046168	4.0901943292929035
29.523809523809522	11.213075039498586	29.285714285714285	11.309415780315438	0.23809523809523808	1.3041013273932527	31.6	4.7314064395855615
38.095238095238095	17.020637112976836	37.85714285714286	17.10484290924752	0.23809523809523808	1.3041013273932527	18.775510204081638	5.207219873128676
35.47619047619047	11.786771610033782	29.04761904761904	9.176763892737178	6.428571428571427	7.349235312349464	43.645833333333336	6.1403821041574815
31.904761904761905	11.971896091916921	30.952380952380956	12.489733057815961	0.9523809523809523	2.4696135974411453	34.21296296296296	3.596591302038376
51.42857142857142	11.0018871134137	51.42857142857142	11.0018871134137	0.0	0.0	55.555555555555586	2.890758581290855E-14
50.95238095238095	11.67428791652681	50.95238095238095	11.67428791652681	0.0	0.0	55.555555555555586	2.890758581290855E-14
41.19047619047619	13.743827650938796	32.61904761904762	12.397834896071611	8.571428571428568	8.046312113929227	23.888888888888882	6.895420831075724
34.52380952380952	12.31239703741491	30.71428571428571	12.463881668045703	3.8095238095238084	4.867467053293284	47.291666666666664	4.23698631414137
36.1904761904762	17.68969106762544	36.1904761904762	17.68969106762544	0.0	0.0	32.72108843537415	8.649876150450108
33.33333333333332	9.806956795822076	31.428571428571413	10.205488995135813	1.9047619047619042	3.720217569729912	17.530864197530857	5.150811483816308
37.38095238095238	13.08814556400105	29.28571428571428	9.628935398245696	8.095238095238093	8.332746871223922	43.199588477366255	5.018428932957602
34.761904761904766	12.959816275996232	30.95238095238095	10.500047473726218	3.8095238095238084	5.216405309573011	36.88775510204083	5.116359218713431
40.476190476190474	17.429190545949858	40.476190476190474	17.429190545949858	0.0	0.0	35.46666666666667	9.95068298932405
35.47619047619047	15.294819503215368	35.47619047619047	15.294819503215368	0.0	0.0	39.351851851851855	10.673452636028752
29.999999999999996	11.774326488191491	29.28571428571428	11.76685309709378	0.7142857142857142	2.17948983306689	52.69629629629631	2.42502444911961
53.09523809523809	12.397834896071613	30.476190476190467	9.914009829449856	22.619047619047617	11.422925534812354	36.260387811634345	3.516986260657065
30.95238095238095	11.7643609117228	30.476190476190474	11.39979957929267	0.47619047619047616	1.8122009407318742	32.56666666666667	6.240487013120013
35.47619047619047	18.42528069803317	35.23809523809523	18.180165408000462	0.23809523809523808	1.3041013273932527	36.979166666666664	6.808719160693544
43.8095238095238	12.11795960029994	27.380952380952383	12.023220164716756	16.42857142857143	10.961836426739223	33.21799307958477	4.5434751854575275
30.952380952380956	12.34806798720573	29.28571428571429	12.062177642792252	1.6666666666666663	3.6000495213837915	39.50690335305718	2.537623758179958
44.28571428571427	14.334890728170883	44.04761904761904	14.295973327816183	0.23809523809523808	1.3041013273932527	17.708333333333332	8.541754274852094
51.904761904761905	14.277501744486143	51.904761904761905	14.277501744486143	0.0	0.0	55.555555555555586	2.890758581290855E-14
31.42857142857143	11.952286093343934	30.476190476190478	12.290944775773609	0.9523809523809523	3.101232038966463	36.273148148148145	4.803238336487111
34.04761904761906	13.088145564001055	29.523809523809522	12.823345471004473	4.523809523809523	7.1387508722430715	45.54786620530566	4.996569649217593
36.904761904761905	17.09798451165455	36.66666666666666	16.431605345616948	0.23809523809523808	1.3041013273932531	27.447916666666668	5.54607181128405
32.857142857142854	15.649215928719034	31.9047619047619	15.092179039752905	0.9523809523809523	2.4696135974411453	28.433333333333334	3.635868566090509
37.38095238095238	12.255107558540848	27.857142857142858	10.333972723932096	9.523809523809522	8.03172223408578	47.1006463527239	6.094826828542195
43.57142857142856	12.350442387379044	31.190476190476183	12.510844463157861	12.38095238095238	7.001893112193729	17.517006802721088	4.344403397530672
36.42857142857143	15.844733972258853	36.42857142857143	15.844733972258853	0.0	0.0	38.0	10.543832974450204
44.04761904761904	14.780035478476204	44.04761904761904	14.780035478476204	0.0	0.0	9.166666666666666	6.510380747027347
31.428571428571423	11.654177155829197	30.23809523809523	11.205227324757136	1.1904761904761902	3.293807409838673	39.90138067061144	3.5931687811564266
44.28571428571427	12.499120306835886	29.04761904761904	11.399799579292667	15.238095238095239	7.440435139459825	31.96502057613169	4.17773495884133
35.238095238095234	16.559590358481774	34.761904761904766	16.85444302222684	0.47619047619047616	1.8122009407318744	36.5432098765432	7.8389949652813895
40.0	19.00035186162582	40.0	19.00035186162582	0.0	0.0	38.02721088435376	5.607818184673238
44.76190476190475	14.028890133795795	36.42857142857143	13.043261530698466	8.33333333333333	8.19436078499368	37.083333333333336	7.898858193302517
38.33333333333333	10.18535696962259	33.33333333333333	9.984740879660658	4.999999999999998	5.01580892755576	26.391184573002757	3.2186678112702833
49.523809523809526	15.346494570859425	49.523809523809526	15.346494570859425	0.0	0.0	26.666666666666668	25.370813170246244
