#meanGeneralizationError	stdDevGeneralizationError	meanGeneralizationMisclassifiedError	stdDevGeneralizationMisclassifiedError	meanGeneralizationUnclassifiedError	stdDevGeneralizationUnclassifiedError	meanUnlabeledNeuronPercentages	stdDevUnlabeledNeuronPercentages
39.99999999999999	11.3495210138679	39.99999999999999	11.3495210138679	0.0	0.0	0.0	0.0
13.939393939393938	11.129777550488555	10.303030303030305	9.163762418067833	3.636363636363637	5.649595147871506	12.6	3.409924662935613
22.424242424242422	11.630615089990764	9.090909090909092	9.549558753434368	13.333333333333332	10.053528247686742	27.704081632653054	2.1940616586415786
13.636363636363635	9.770813401572854	12.727272727272727	8.131156281817416	0.9090909090909091	2.7738961511760425	2.5925925925925926	2.1803201465691693
14.545454545454541	11.597898808332053	13.33333333333333	10.60531419973954	1.2121212121212122	3.947022595048223	6.354166666666667	2.3187725585233494
23.636363636363633	13.83862536558886	8.787878787878789	8.090163515129309	14.848484848484848	10.804971606545656	41.588541666666664	2.8864597008939956
16.969696969696965	9.163762418067833	8.484848484848486	6.286289157122917	8.484848484848486	6.724363233127884	17.800925925925927	2.6646212954600323
16.969696969696965	10.870709213261017	16.969696969696965	10.870709213261017	0.0	0.0	0.0	0.0
17.27272727272727	10.769747481489386	17.27272727272727	10.769747481489386	0.0	0.0	0.13333333333333333	0.730296743340221
19.39393939393939	12.797240131838018	8.787878787878789	8.43506818144408	10.606060606060606	10.152255934543	21.85404339250493	2.6821856957922416
27.575757575757567	13.181187604274026	10.909090909090908	10.240760872273562	16.66666666666666	9.574395099028537	41.96078431372549	2.316608053464981
13.030303030303028	11.618357280412614	10.606060606060604	9.867556487620561	2.4242424242424243	5.302657099869771	9.958847736625513	3.36828456258643
14.545454545454543	9.7269651022168	13.333333333333332	9.469644722948871	1.2121212121212122	3.143144578561458	4.4897959183673475	2.9549947297983303
25.757575757575754	11.716060673492143	9.090909090909092	8.27016047540622	16.666666666666664	10.429186453628324	28.26666666666667	1.9655613059223789
18.48484848484848	10.804971606545655	12.424242424242424	10.537921137215672	6.060606060606061	6.89180039617185	19.641873278236915	2.9891328338311096
19.999999999999996	13.37790592940993	19.999999999999996	13.37790592940993	0.0	0.0	2.592592592592593	4.779811857245294
18.18181818181818	10.6767312639037	18.18181818181818	10.6767312639037	0.0	0.0	0.0	0.0
18.18181818181818	10.940393960260279	10.303030303030305	8.177753547432792	7.87878787878788	7.821510311855933	17.36111111111111	2.211119293771801
24.848484848484848	16.180327030258614	7.575757575757576	9.867556487620563	17.272727272727266	13.992221916199732	35.546875	2.109823946477362
14.242424242424239	12.33227937031754	11.818181818181817	11.235959859237338	2.4242424242424243	4.7348223614744365	6.510416666666667	2.6933368519345118
15.757575757575752	13.278122606185846	10.606060606060606	9.867556487620563	5.151515151515152	8.160310754275574	10.8	2.280350850198276
27.272727272727266	12.173346607490657	6.666666666666668	6.7243632331278835	20.606060606060606	13.278122606185846	44.10493827160494	2.7764175279780208
19.090909090909083	10.226837329638384	7.575757575757577	6.787636210025862	11.515151515151514	8.247155811997603	25.544217687074827	1.7771905411718543
13.33333333333333	11.129777550488555	12.424242424242424	9.982410673079675	0.9090909090909091	2.773896151176044	1.666666666666667	2.1392558276082183
17.57575757575757	11.6795176816655	17.57575757575757	11.6795176816655	0.0	0.0	0.8	1.6273524086899451
19.090909090909083	13.787046261911911	10.606060606060606	9.271969153756972	8.484848484848486	8.247155811997603	39.11242603550296	4.734620401461803
27.878787878787875	13.27812260618584	8.181818181818183	7.680570654205173	19.696969696969692	11.95682680434195	35.61707035755478	1.830819433346189
13.636363636363633	11.387123063919226	10.909090909090908	10.78297001253602	2.7272727272727275	5.417849393349432	9.300411522633745	3.1221151412326904
16.666666666666664	11.470241853634485	14.545454545454543	10.569424708657815	2.1212121212121215	4.581881209033918	4.35374149659864	2.2569145045827383
26.363636363636353	12.711589082710882	8.484848484848486	8.585756140925898	17.878787878787872	9.982410673079675	28.785185185185178	1.9830987300922756
19.999999999999993	12.266630321149188	11.515151515151514	8.585756140925897	8.484848484848486	7.89404519009645	16.44628099173554	2.9468104381488147
18.48484848484848	10.263924803411996	18.48484848484848	10.263924803411996	0.0	0.0	0.0	0.0
23.33333333333333	14.261198413327262	23.33333333333333	14.261198413327262	0.0	0.0	0.0	0.0
15.151515151515149	10.22219193429099	11.515151515151514	9.5296430722084	3.636363636363637	5.649595147871506	16.584022038567497	2.396579564413459
27.878787878787882	14.110530041115654	9.696969696969695	11.6795176816655	18.18181818181818	12.17334660749066	32.977777777777774	1.8395401724281575
14.242424242424239	10.039345035948866	13.636363636363633	10.337700594257772	0.6060606060606061	2.3064375609314776	3.6734693877551026	2.420666737508087
12.727272727272727	10.015661716722688	9.090909090909092	7.918075824648959	3.6363636363636362	7.001200890354171	10.658436213991768	2.663356137949226
19.696969696969692	13.731815008281956	9.090909090909092	7.918075824648959	10.606060606060606	8.63540114528902	47.6701268742791	4.060436775453913
20.303030303030305	10.319306094641837	8.484848484848486	9.824139993290535	11.818181818181817	9.292437101741728	22.78106508875739	2.4508167451524745
12.727272727272723	11.09558460470417	12.727272727272723	11.09558460470417	0.0	0.0	0.8	1.6273524086899451
14.848484848484844	11.065579105602145	14.848484848484844	11.065579105602145	0.0	0.0	1.9444444444444449	2.0825349683554313
22.727272727272723	13.021673407876875	10.606060606060606	9.574395099028537	12.121212121212121	10.222191934290993	24.523809523809526	2.139307628454947
31.212121212121207	17.16321218681349	10.90909090909091	10.240760872273565	20.303030303030297	15.413615971885818	60.3395061728395	3.486943156960515
16.666666666666664	10.152255934542998	11.212121212121213	8.502370324234676	5.454545454545455	6.5815791709144635	12.0	3.269503811347189
13.333333333333336	10.870709213261021	12.121212121212123	10.497277621629559	1.2121212121212122	3.1431445785614587	6.458333333333333	2.3114998613877105
25.15151515151515	10.591869891524965	7.87878787878788	7.821510311855934	17.27272727272727	7.680570654205173	38.4375	3.5898240362156164
17.27272727272727	10.226837329638382	9.696969696969697	9.824139993290531	7.575757575757577	7.948011945882884	18.703703703703702	2.391297161453363
14.848484848484846	10.263924803411994	14.848484848484846	10.263924803411994	0.0	0.0	0.0	0.0
19.090909090909086	13.992221916199734	19.090909090909086	13.992221916199734	0.0	0.0	0.0	0.0
15.15151515151515	8.38423704322571	9.393939393939396	8.435068181444079	5.757575757575759	6.078864867812471	16.501377410468322	3.891435710078549
26.969696969696965	13.606725017697281	10.303030303030305	9.163762418067833	16.66666666666666	12.19283956890728	29.31851851851852	2.2945570804101583
14.545454545454543	11.349521013867903	14.242424242424242	11.116967520288746	0.30303030303030304	1.6597653257732299	22.517006802721088	3.9194863129787563
14.545454545454541	11.09558460470417	11.818181818181817	10.447387490954373	2.7272727272727275	4.237196360903628	7.530864197530865	2.9061894411833795
28.181818181818176	11.28657254720001	6.666666666666668	6.724363233127881	21.515151515151505	11.065579105602142	35.13264129181084	2.1130497744407446
19.696969696969692	11.956826804341949	12.12121212121212	10.222191934290992	7.575757575757577	8.298826628866152	23.648915187376726	2.6209437979271537
14.848484848484844	11.32018862327036	14.848484848484844	11.32018862327036	0.0	0.0	0.4	1.2205143065174586
16.969696969696965	10.053528247686739	16.969696969696965	10.053528247686739	0.0	0.0	0.0	0.0
17.87878787878788	9.085682928309362	10.0	7.300105208156712	7.87878787878788	6.194958067827818	18.657407407407405	2.2976695827653733
25.454545454545446	10.782970012536017	10.606060606060606	8.959340515023404	14.848484848484846	9.394107929859711	34.674479166666664	2.0839365820224764
14.545454545454541	12.542319357464704	13.030303030303028	12.332279370317542	1.5151515151515154	3.445900198085926	5.520833333333333	2.2374731103502072
14.545454545454541	10.296266757806219	13.636363636363633	10.60979185001282	0.9090909090909091	2.773896151176044	1.9444444444444449	1.6554539813012152
21.212121212121207	12.93016367670472	9.696969696969697	10.388117522243016	11.515151515151514	9.225750243725907	31.394557823129233	2.583304976280922
14.242424242424242	10.319306094641835	10.303030303030305	9.163762418067833	3.93939393939394	6.617564016314602	11.4	2.5270945563139753
32.72727272727272	16.12151067047039	32.72727272727272	16.12151067047039	0.0	0.0	0.0	0.0
32.72727272727272	14.832589107418976	32.72727272727272	14.832589107418976	0.0	0.0	0.0	0.0
15.15151515151515	11.282363495199379	9.696969696969695	10.388117522243014	5.454545454545455	8.474392721807256	12.066666666666666	2.7029145614385928
22.121212121212118	11.861106837871317	8.484848484848486	7.135593206953646	13.636363636363633	9.168944076620479	25.782312925170064	2.3002474368926427
15.151515151515149	11.532187804657383	14.24242424242424	10.857593532780365	0.9090909090909091	2.773896151176044	1.851851851851852	2.2285987696826495
16.06060606060606	11.116967520288748	14.848484848484844	10.804971606545656	1.2121212121212122	3.1431445785614587	7.083333333333333	2.805106821782229
25.15151515151515	11.861106837871318	9.696969696969697	8.585756140925898	15.454545454545451	10.170952554312155	31.966145833333332	2.0467416683564026
16.666666666666668	11.219038223341041	9.696969696969695	9.225750243725908	6.969696969696971	7.035039661160608	20.648148148148145	2.710716687176698
19.090909090909086	11.28657254720001	19.090909090909086	11.28657254720001	0.0	0.0	0.0	0.0
15.45454545454545	8.98052101861274	15.45454545454545	8.98052101861274	0.0	0.0	0.26666666666666666	1.01483252680985
21.212121212121207	13.363696784742464	8.181818181818183	7.300105208156713	13.03030303030303	8.831190783496156	21.222879684418146	1.869448805013237
26.060606060606055	12.797240131838018	7.272727272727274	9.05950689313527	18.787878787878785	12.389916135655634	36.90888119953864	1.9727962489781785
12.727272727272725	9.122203190654199	10.606060606060604	8.298826628866154	2.1212121212121215	3.910755155927968	8.724279835390949	3.2084571858363864
13.636363636363635	12.11467953538533	12.424242424242426	11.320188623270361	1.2121212121212122	3.947022595048223	4.35374149659864	2.6109544079571108
34.848484848484844	11.716060673492146	19.999999999999996	9.958591954639383	14.848484848484846	12.285975279266335	57.48148148148148	4.508856365468048
17.27272727272727	9.944273339103477	11.212121212121213	8.16031075427557	6.060606060606061	6.008132293193334	15.3168044077135	2.6646199811695346
17.575757575757574	11.921021885745283	17.575757575757574	11.921021885745283	0.0	0.0	0.0	0.0
16.666666666666664	11.95682680434195	16.666666666666664	11.95682680434195	0.0	0.0	0.0	0.0
13.333333333333332	12.572578314245835	10.303030303030305	11.630615089990764	3.0303030303030307	5.513440316937481	40.208333333333336	6.326295705055809
25.454545454545446	11.548650607906268	7.575757575757577	7.948011945882884	17.878787878787875	10.804971606545658	31.744791666666668	1.528225005836066
14.848484848484846	10.537921137215674	13.939393939393936	9.765951090546906	0.9090909090909091	2.773896151176044	5.104166666666667	1.8320021943845715
14.545454545454543	9.1222031906542	9.090909090909092	7.162169065075776	5.454545454545455	6.581579170914464	18.6	4.832362169574114
28.787878787878785	10.698951332192584	6.969696969696971	7.035039661160608	21.81818181818181	9.726965102216802	40.164609053497934	1.8317579720348944
24.24242424242423	12.251132361301599	11.515151515151512	8.247155811997601	12.727272727272727	8.131156281817416	26.870748299319725	2.8306722583228354
14.24242424242424	12.098986938726675	13.636363636363633	12.11467953538533	0.6060606060606061	2.3064375609314784	2.685185185185185	2.246435771782019
15.454545454545448	11.7322654677839	15.454545454545448	11.7322654677839	0.0	0.0	0.6666666666666666	1.5161960871578068
18.484848484848484	10.537921137215674	9.090909090909092	9.246320503920142	9.393939393939394	8.43506818144408	21.26232741617357	2.019700486159995
27.57575757575757	10.537921137215674	9.696969696969697	7.89404519009645	17.878787878787872	9.394107929859713	47.00115340253749	2.4401183166791554
13.333333333333332	9.765951090546908	10.909090909090908	9.368793661451104	2.4242424242424243	4.7348223614744365	8.518518518518517	2.6999406194787983
13.636363636363633	12.114679535385328	12.424242424242424	11.065579105602147	1.2121212121212122	3.9470225950482227	3.6054421768707483	2.6082026547865054
22.121212121212114	12.332279370317542	7.575757575757577	8.63540114528902	14.545454545454541	10.015661716722688	29.24444444444445	1.7484165432426404
14.545454545454543	10.015661716722688	9.090909090909092	8.932794262554864	5.454545454545455	7.001200890354172	15.123966942148762	2.6858956085339787
20.909090909090903	11.235959859237337	20.909090909090903	11.235959859237337	0.0	0.0	0.0	0.0
20.606060606060602	13.70064958288713	20.606060606060602	13.70064958288713	0.0	0.0	0.0	0.0
14.848484848484844	11.065579105602147	9.696969696969697	10.110062123046102	5.151515151515152	5.1665525195994135	14.407713498622588	2.28334609202227
18.18181818181818	11.936948441792959	9.090909090909092	9.549558753434368	9.090909090909092	8.932794262554864	33.71851851851852	2.8319970304293114
14.545454545454545	10.015661716722688	13.636363636363635	9.16894407662048	0.9090909090909091	3.6597990903313518	3.4013605442176873	1.8821756627649553
15.757575757575752	10.388117522243014	11.818181818181817	8.657374211714792	3.93939393939394	5.166552519599413	8.312757201646091	2.7305879191247944
28.181818181818173	14.784478085089914	10.0	8.722961317493075	18.181818181818183	11.449518725861866	38.33910034602077	1.6492251672867495
15.45454545454545	12.208411528725449	8.787878787878789	8.090163515129309	6.666666666666668	7.894045190096446	45.60157790927022	2.3918964622952688
16.666666666666664	9.574395099028537	16.666666666666664	9.574395099028537	0.0	0.0	0.9333333333333333	1.720732268608305
13.333333333333332	10.053528247686744	13.333333333333332	10.053528247686744	0.0	0.0	2.12962962962963	2.149595452021297
18.78787878787879	10.923014451335963	14.242424242424239	8.831190783496154	4.545454545454546	7.061993934839376	60.493197278911566	5.000185503555448
27.575757575757567	15.001345685497537	7.575757575757577	8.959340515023404	19.999999999999996	14.403697951447956	39.40329218106995	1.450681441416421
16.666666666666664	10.152255934543	12.121212121212121	9.939495883464255	4.545454545454546	6.202620356554665	11.966666666666667	2.157318471738873
13.939393939393936	9.46964472294887	12.424242424242424	9.085682928309364	1.5151515151515154	3.4459001980859254	6.822916666666667	2.767337750541974
25.757575757575758	11.716060673492143	8.181818181818183	9.043764905754761	17.57575757575757	11.180870906515967	31.953125	1.7897746709697362
20.606060606060606	11.432913178724665	10.606060606060606	8.63540114528902	10.0	8.043058814799169	18.51851851851852	1.9838418879283544
16.969696969696965	10.605314199739539	16.969696969696965	10.605314199739539	0.0	0.0	0.20833333333333334	1.1410886614690963
23.63636363636364	12.988804175627394	23.63636363636364	12.988804175627394	0.0	0.0	0.0	0.0
16.36363636363636	13.589260339702903	9.090909090909092	11.197850219117086	7.272727272727274	6.4944020878136985	15.454545454545455	2.6594589846895342
19.090909090909086	11.286572547200008	6.363636363636364	9.594217884429511	12.727272727272727	9.7269651022168	33.333333333333336	3.8463463946301086
14.848484848484846	9.982410673079674	13.333333333333334	9.765951090546908	1.5151515151515154	3.445900198085926	4.217687074829931	2.3320263825443504
16.060606060606055	12.098986938726675	12.727272727272725	10.29626675780622	3.333333333333334	5.590435453257983	8.353909465020577	2.7449856352376854
24.24242424242424	13.783600792343695	9.696969696969695	9.529643072208401	14.545454545454543	10.01566171672269	41.88004613610151	3.5688508332997073
21.515151515151505	12.963181597701476	8.787878787878789	9.085682928309362	12.727272727272727	9.122203190654197	21.6370808678501	2.3344202298713697
17.87878787878788	10.537921137215672	17.87878787878788	10.537921137215672	0.0	0.0	1.2	1.8643663987975958
16.363636363636363	10.240760872273562	16.363636363636363	10.240760872273562	0.0	0.0	0.0	0.0
20.606060606060602	10.923014451335959	10.909090909090908	8.739281184553139	9.696969696969697	10.658921858237505	19.074074074074076	2.4244472597680122
23.33333333333333	9.751349610528292	8.484848484848486	7.135593206953646	14.848484848484846	8.090163515129307	31.692708333333332	1.5446629153025329
16.060606060606055	11.861106837871317	14.242424242424239	11.37042639355428	1.8181818181818186	3.6985282015680574	6.71875	2.8473061792593146
15.757575757575754	10.92301445133596	15.454545454545451	10.170952554312155	0.30303030303030304	1.6597653257732299	1.0185185185185186	1.9955427841226059
19.090909090909083	9.653442014055054	9.090909090909092	9.246320503920142	10.0	8.722961317493075	36.7517006802721	4.929312863087195
18.78787878787878	11.679517681665498	15.45454545454545	10.716694215579299	3.333333333333334	5.5904354532579825	18.933333333333334	2.958719822576269
32.12121212121211	15.967574248370365	32.12121212121211	15.967574248370365	0.0	0.0	0.0	0.0
33.030303030303024	15.922892953110006	33.030303030303024	15.922892953110006	0.0	0.0	0.0	0.0
13.939393939393938	11.129777550488553	7.575757575757577	8.959340515023403	6.363636363636364	6.815568987345049	12.266666666666667	2.6513930409260835
24.242424242424235	11.532187804657385	8.787878787878789	8.090163515129307	15.454545454545451	11.486793437790793	45.39115646258504	5.046288155844266
15.151515151515149	9.939495883464254	14.242424242424239	9.454585644155397	0.9090909090909091	2.773896151176044	1.7592592592592595	2.124695822936271
15.45454545454545	10.979397270994058	14.24242424242424	10.591869891524965	1.2121212121212122	3.947022595048223	6.5625	2.186730160102853
26.060606060606055	11.873114035315325	8.181818181818183	9.043764905754761	17.878787878787875	9.982410673079677	33.463541666666664	2.085577096324335
19.696969696969692	12.874945643588319	10.0	8.389900155687167	9.696969696969697	9.225750243725907	18.078703703703706	2.0510212406751385
15.757575757575756	10.1100621230461	15.757575757575756	10.1100621230461	0.0	0.0	0.20833333333333334	1.1410886614690963
15.151515151515149	10.222191934290993	15.151515151515149	10.222191934290993	0.0	0.0	1.2	1.8643663987975958
21.515151515151512	12.285975279266331	10.303030303030305	10.333105039198827	11.212121212121211	9.751349610528292	23.13609467455622	3.081902332478922
26.969696969696965	10.537921137215674	7.87878787878788	7.055265020557828	19.090909090909086	9.944273339103477	35.132641291810835	1.9652477909532748
13.939393939393938	13.018025369310296	11.818181818181817	12.666671666340703	2.1212121212121215	3.910755155927968	8.148148148148147	2.724164508865641
13.939393939393938	11.129777550488553	12.424242424242424	10.537921137215674	1.5151515151515151	4.192118521612856	3.8095238095238093	1.9861310433535853
21.515151515151512	12.74144605650808	8.484848484848486	7.135593206953645	13.030303030303028	9.454585644155397	29.066666666666666	2.1286026731508016
16.969696969696965	10.333105039198824	10.90909090909091	9.368793661451106	6.060606060606061	6.89180039617185	16.03305785123967	2.9884761557692245
20.606060606060606	13.061734586984327	20.606060606060606	13.061734586984327	0.0	0.0	0.0	0.0
17.27272727272727	10.769747481489388	17.27272727272727	10.769747481489388	0.0	0.0	0.0	0.0
17.87878787878788	11.065579105602144	10.303030303030305	9.46964472294887	7.575757575757577	8.959340515023404	17.800925925925927	2.083200293751262
26.363636363636356	11.0311871681668	8.484848484848486	7.135593206953646	17.878787878787872	11.812956002397602	32.9296875	1.894736063626855
12.727272727272723	9.726965102216804	11.212121212121211	8.160310754275574	1.5151515151515154	4.192118521612856	5.833333333333333	2.1686896501921558
15.757575757575756	8.247155811997603	11.818181818181815	8.657374211714789	3.93939393939394	5.1665525195994135	11.366666666666667	2.4702831519027764
15.151515151515147	10.22219193429099	12.727272727272727	7.772777685953581	2.4242424242424243	6.286289157122916	79.8971193415638	2.2428992469394333
19.393939393939384	11.129777550488553	8.181818181818183	6.898688754109422	11.212121212121213	10.319306094641835	29.506802721088427	2.4269007277255494
15.151515151515149	11.026880633874958	14.848484848484846	11.065579105602144	0.30303030303030304	1.6597653257732297	2.037037037037037	1.7768995276374777
15.454545454545448	10.97939727099406	15.151515151515147	10.765336362122905	0.30303030303030304	1.65976532577323	0.4	1.2205143065174586
20.3030303030303	15.413615971885818	10.909090909090908	12.722793658780239	9.393939393939396	9.982410673079675	28.61932938856016	4.7603904627506255
32.12121212121212	13.658985068014726	9.090909090909092	8.932794262554864	23.030303030303024	9.163762418067833	35.87081891580162	1.8317212408551145
18.78787878787879	12.157729735624944	15.757575757575754	11.432913178724665	3.0303030303030307	4.969747941732129	25.390946502057613	4.6497599342239475
14.24242424242424	11.618357280412615	11.515151515151512	10.110062123046102	2.7272727272727275	5.417849393349432	4.013605442176871	2.5971664868572093
24.242424242424235	11.026880633874958	9.090909090909092	7.162169065075777	15.15151515151515	11.282363495199379	28.04444444444444	2.056171596617894
16.666666666666668	10.96207959890396	10.303030303030303	8.177753547432793	6.363636363636364	8.980521018612741	17.79614325068871	2.925822159195979
19.090909090909086	10.501801335531256	19.090909090909086	10.501801335531256	0.0	0.0	0.0	0.0
19.090909090909086	12.255008688676341	19.090909090909086	12.255008688676341	0.0	0.0	0.0	0.0
16.66666666666666	10.698951332192587	9.090909090909092	9.246320503920142	7.575757575757577	8.63540114528902	14.87603305785124	2.1042365280107993
20.606060606060602	12.389916135655634	7.87878787878788	7.821510311855935	12.727272727272725	11.349521013867907	28.370370370370367	2.142901065184003
16.363636363636363	13.163158341828924	14.84848484848485	12.963181597701476	1.5151515151515154	4.192118521612856	4.149659863945578	2.65188808217089
14.545454545454541	12.7675136337783	11.515151515151514	11.432913178724663	3.0303030303030307	6.008132293193336	9.012345679012347	2.920621259003433
29.69696969696969	14.703943233482303	10.0	10.76974748148939	19.696969696969703	11.470241853634482	35.44405997693195	2.1953653350218953
19.39393939393939	11.382951192350772	10.303030303030303	8.519112782833115	9.090909090909092	8.27016047540622	28.639053254437872	3.7827715828138375
15.15151515151515	13.57527242005172	14.848484848484846	13.606725017697281	0.30303030303030304	1.65976532577323	0.8	1.6273524086899451
13.939393939393934	10.05352824768674	13.33333333333333	9.765951090546908	0.6060606060606061	2.306437560931478	2.2222222222222223	2.236543888535827
19.39393939393939	12.110758292513426	6.969696969696971	7.429092310517061	12.424242424242424	9.982410673079675	25.95238095238095	2.5270987239464904
23.333333333333325	13.64854906618448	10.0	9.944273339103477	13.33333333333333	9.765951090546908	66.85185185185185	1.8705596836809248
15.757575757575754	9.824139993290531	9.090909090909092	8.932794262554864	6.666666666666668	7.524381698133339	11.3	2.291664054334979
16.06060606060606	11.618357280412615	14.242424242424239	11.618357280412614	1.8181818181818186	4.402129073740929	5.989583333333333	2.250603566874869
24.54545454545454	13.536731112022652	8.484848484848486	8.247155811997603	16.06060606060606	11.618357280412615	38.346354166666664	2.6514982959549243
19.090909090909083	10.226837329638384	9.090909090909092	7.918075824648959	10.0	8.722961317493073	17.106481481481477	2.1461113979136446
17.575757575757574	10.923014451335963	17.575757575757574	10.923014451335963	0.0	0.0	0.20833333333333334	1.1410886614690963
23.333333333333332	16.136234859009	23.333333333333332	16.136234859009	0.0	0.0	0.0	0.0
16.666666666666664	11.219038223341041	11.515151515151512	8.9115003246102	5.151515151515152	6.617564016314602	40.00000000000001	5.398033636164273
23.030303030303035	11.630615089990766	10.303030303030305	9.765951090546908	12.727272727272725	8.80425814748186	28.08888888888889	1.558945403322596
13.030303030303028	10.857593532780365	11.818181818181817	10.447387490954373	1.2121212121212122	3.1431445785614587	3.4013605442176873	2.643752050471855
16.666666666666657	12.874945643588322	12.727272727272723	11.09558460470417	3.93939393939394	5.691475596175388	10.08230452674897	3.537988943539882
26.66666666666666	13.907099931946501	8.484848484848486	7.89404519009645	18.181818181818176	11.449518725861866	35.893886966551335	1.8576832340230205
17.87878787878787	11.065579105602144	6.666666666666668	7.524381698133339	11.212121212121213	9.454585644155397	22.72189349112426	2.3851568138969284
16.969696969696965	9.469644722948868	16.969696969696965	9.469644722948868	0.0	0.0	0.8	1.9369367924460095
16.969696969696965	11.129777550488551	16.969696969696965	11.129777550488551	0.0	0.0	0.0	0.0
17.878787878787875	11.812956002397605	9.090909090909092	7.549589077612725	8.787878787878789	8.766413448480014	17.476851851851855	2.4944284801532572
24.848484848484848	11.921021885745278	8.181818181818183	8.389900155687167	16.666666666666664	11.219038223341041	36.341145833333336	1.8249520400179455
14.84848484848485	11.320188623270361	12.727272727272728	10.015661716722688	2.1212121212121215	4.581881209033918	7.083333333333333	2.682374489570547
15.151515151515147	9.648520554640587	13.939393939393936	8.847311011302333	1.2121212121212122	3.143144578561457	2.2222222222222223	1.345094994754173
20.9090909090909	12.208411528725446	9.393939393939394	9.394107929859713	11.515151515151517	8.911500324610197	25.96938775510204	2.064213174578246
16.36363636363636	11.792835129330639	12.12121212121212	11.026880633874958	4.242424242424243	5.716456589362333	12.1	3.1551818352977863
32.42424242424242	15.413615971885818	32.42424242424242	15.413615971885818	0.0	0.0	0.0	0.0
31.818181818181813	16.14800454318436	31.818181818181813	16.14800454318436	0.0	0.0	0.0	0.0
14.848484848484844	11.065579105602145	10.303030303030301	8.519112782833112	4.545454545454546	7.061993934839378	13.633333333333333	3.1456958369891037
26.060606060606055	10.870709213261017	12.727272727272723	10.296266757806219	13.333333333333334	11.630615089990764	25.119047619047617	1.4096167200749725
12.727272727272723	10.29626675780622	12.42424242424242	9.692723730816537	0.30303030303030304	1.6597653257732299	1.9444444444444449	2.0825349683554313
16.060606060606055	12.098986938726675	13.333333333333332	11.382951192350776	2.7272727272727275	5.920533892572336	5.78125	2.5344474802552948
26.969696969696976	13.395646165196663	8.484848484848486	8.247155811997603	18.484848484848484	13.181187604274022	32.330729166666664	1.9127929829909596
15.151515151515147	14.191085576898606	10.606060606060606	10.429186453628324	4.545454545454546	7.454621912598187	17.662037037037035	2.524908726451743
16.36363636363636	11.79283512933064	16.36363636363636	11.79283512933064	0.0	0.0	0.0	0.0
16.36363636363636	10.515360800617835	16.36363636363636	10.515360800617835	0.0	0.0	0.13333333333333333	0.730296743340221
20.606060606060602	11.679517681665498	9.696969696969695	8.9115003246102	10.90909090909091	8.060755335235193	21.814595660749507	2.134782330075101
23.030303030303024	12.34382825317023	6.060606060606061	6.46508183835236	16.96969696969696	13.018025369310296	44.07151095732411	4.759587543292502
14.848484848484846	12.285975279266333	11.515151515151514	10.92301445133596	3.333333333333334	4.455750162305099	8.559670781893004	2.6524805431115053
13.33333333333333	10.605314199739542	12.727272727272725	10.296266757806222	0.6060606060606061	2.3064375609314776	3.7414965986394564	2.0814624630883003
26.66666666666666	11.432913178724666	8.787878787878789	6.953549965973251	17.878787878787872	10.537921137215672	31.777777777777782	2.8962476274111655
15.757575757575754	10.388117522243014	11.515151515151514	9.824139993290531	4.242424242424243	6.194958067827819	15.592286501377409	3.1580954061276296
24.242424242424242	10.497277621629559	24.242424242424242	10.497277621629559	0.0	0.0	0.0	0.0
16.666666666666664	10.152255934543	16.666666666666664	10.152255934543	0.0	0.0	0.0	0.0
17.878787878787882	12.051786549664017	9.696969696969697	9.824139993290535	8.181818181818183	7.300105208156713	26.944444444444446	5.229920143595555
21.818181818181813	10.015661716722686	8.181818181818183	6.898688754109423	13.636363636363635	8.852677897456388	44.6875	2.520290771145403
14.545454545454543	11.841067785144674	12.424242424242424	10.263924803411996	2.1212121212121215	5.691475596175388	6.510416666666667	1.9714478185934272
17.878787878787875	12.963181597701476	10.606060606060606	9.27196915375697	7.272727272727274	10.240760872273565	12.0	2.51889411968961
30.0	11.972705731397374	6.969696969696971	7.429092310517061	23.030303030303024	10.05352824768674	39.33127572016462	1.3913896726544037
32.12121212121211	12.110758292513424	25.454545454545453	14.002401780708341	6.666666666666668	6.286289157122917	74.18367346938776	4.263623910247883
14.545454545454541	8.80425814748186	13.939393939393936	8.519112782833114	0.6060606060606061	2.306437560931478	2.1296296296296298	2.6984194060682705
15.454545454545455	12.889693581577465	15.454545454545455	12.889693581577465	0.0	0.0	0.6666666666666666	1.5161960871578068
19.999999999999996	12.032065072615579	10.303030303030303	8.847311011302333	9.696969696969697	8.247155811997603	21.262327416173566	1.8117250017920297
27.575757575757574	11.569196168727567	6.666666666666668	8.585756140925898	20.9090909090909	11.235959859237335	38.16608996539794	1.5769197405112902
12.727272727272728	12.07934252418036	10.0	10.769747481489388	2.7272727272727275	5.4178493933494325	8.312757201646088	2.6125513115233785
14.54545454545454	10.015661716722688	13.33333333333333	9.46964472294887	1.2121212121212122	3.947022595048223	3.401360544217687	2.588858486759821
23.333333333333332	12.332279370317542	10.303030303030303	8.519112782833115	13.030303030303028	8.831190783496154	38.51851851851852	3.4194910399959313
18.484848484848484	10.80497160654566	12.121212121212118	9.038511483931416	6.363636363636364	7.221607171907133	14.738292011019286	2.2563683204986686
18.181818181818176	11.449518725861866	18.181818181818176	11.449518725861866	0.0	0.0	0.0	0.0
19.39393939393939	9.765951090546906	19.39393939393939	9.765951090546906	0.0	0.0	0.0	0.0
15.757575757575754	11.432913178724665	11.212121212121213	10.591869891524961	4.545454545454546	5.203195195203083	25.45454545454545	4.879195809525388
21.212121212121204	10.222191934290993	8.484848484848486	7.5243816981333405	12.727272727272727	9.429433735684373	29.46666666666668	2.525375684910294
13.636363636363633	11.877113736973437	12.42424242424242	10.263924803411996	1.2121212121212122	4.612875121862955	4.761904761904762	2.588858486759821
16.666666666666668	12.424369854330319	14.24242424242424	11.116967520288748	2.4242424242424243	4.734822361474436	8.88888888888889	2.996124909872466
23.636363636363626	13.420443098532829	9.393939393939394	9.394107929859716	14.24242424242424	9.14819983267683	51.68396770472894	3.297052319142285
17.878787878787875	11.065579105602147	10.606060606060604	11.219038223341041	7.272727272727274	7.699100405270845	20.769230769230774	1.9677221592517462
15.45454545454545	9.292437101741726	15.45454545454545	9.292437101741726	0.0	0.0	0.26666666666666666	1.01483252680985
15.15151515151515	12.016264586386667	13.636363636363635	10.337700594257774	1.5151515151515151	4.824260277320295	2.6851851851851847	1.9955427841226059
20.6060606060606	12.617830692027086	9.696969696969697	10.658921858237509	10.909090909090908	7.319598180662705	26.530612244897956	2.0972150696953693
27.575757575757567	12.963181597701478	7.575757575757577	7.580980435789035	19.999999999999993	11.79283512933064	39.115226337448554	1.7268993507969153
15.757575757575756	11.432913178724665	15.151515151515149	11.026880633874956	0.6060606060606061	2.3064375609314762	55.53333333333333	5.733948109247261
12.727272727272727	12.313007160744807	10.909090909090908	11.044096695308857	1.8181818181818186	3.698528201568056	6.822916666666667	2.610803324924492
23.939393939393938	8.435068181444079	6.969696969696971	6.171914126585114	16.969696969696972	8.519112782833112	31.25	2.0310427613115047
18.787878787878785	11.432913178724666	10.909090909090908	9.368793661451106	7.87878787878788	8.177753547432792	23.657407407407405	3.1052929769709836
17.878787878787872	11.8129560023976	17.878787878787872	11.8129560023976	0.0	0.0	0.0	0.0
19.999999999999996	13.589260339702903	19.999999999999996	13.589260339702903	0.0	0.0	0.0	0.0
14.24242424242424	10.591869891524965	9.696969696969695	8.247155811997603	4.545454545454546	5.724759362930933	14.545454545454545	2.480288599318403
21.212121212121204	9.348492892934189	6.666666666666668	8.2471558119976	14.545454545454541	10.569424708657815	36.87407407407407	2.6473973875273953
16.060606060606055	9.14819983267683	15.454545454545448	8.657374211714792	0.6060606060606061	2.3064375609314776	4.081632653061225	2.336128454989139
14.545454545454541	13.83862536558886	12.424242424242426	12.285975279266331	2.1212121212121215	5.166552519599414	8.230452674897117	2.433401127537221
16.36363636363636	11.299190295743005	8.484848484848486	8.911500324610202	7.87878787878788	7.821510311855933	55.81314878892733	5.246208966062569
18.787878787878785	13.278122606185846	9.090909090909092	10.6767312639037	9.696969696969697	10.388117522243016	21.61735700197239	2.1795571920853467
14.242424242424244	10.591869891524965	14.242424242424244	10.591869891524965	0.0	0.0	0.9333333333333333	1.720732268608305
16.36363636363636	12.032065072615577	16.36363636363636	12.032065072615577	0.0	0.0	0.0	0.0
19.696969696969695	11.716060673492143	8.787878787878789	10.263924803411998	10.909090909090908	9.368793661451106	21.342592592592595	2.9003909446169986
21.212121212121207	11.282363495199382	6.969696969696971	7.803271242387043	14.242424242424239	9.75134961052829	31.40625	2.380724866297788
14.24242424242424	12.332279370317542	13.03030303030303	12.561239747399162	1.2121212121212122	3.9470225950482236	6.302083333333333	2.9154797975140636
14.242424242424242	10.039345035948868	13.636363636363633	9.770813401572852	0.6060606060606061	2.306437560931477	3.2407407407407405	3.653474856882262
20.6060606060606	11.432913178724665	9.696969696969695	8.9115003246102	10.909090909090907	8.739281184553137	29.030612244897952	4.040410239832761
14.848484848484846	12.963181597701478	10.303030303030303	10.333105039198825	4.545454545454546	7.45462191259819	12.766666666666667	3.0589984086899777
27.27272727272727	15.472053516304786	26.060606060606062	15.967574248370367	1.2121212121212122	3.1431445785614582	3.3333333333333335	8.643647591044012
32.72727272727272	15.94375980670838	32.72727272727272	15.94375980670838	0.0	0.0	0.0	0.0
13.939393939393936	11.630615089990762	11.212121212121213	9.454585644155397	2.7272727272727275	4.863482551108402	21.366666666666667	6.30535258842579
18.787878787878785	11.432913178724661	9.090909090909092	7.162169065075777	9.696969696969697	9.529643072208401	24.948979591836736	1.9979218403608092
14.545454545454541	9.429433735684375	13.636363636363633	8.52468629522705	0.9090909090909091	2.773896151176044	2.037037037037037	2.0546665434557423
13.636363636363637	10.60979185001282	12.12121212121212	10.222191934290992	1.5151515151515154	3.4459001980859254	7.65625	3.025072580348992
24.84848484848484	12.841700856846874	7.87878787878788	8.177753547432793	16.969696969696965	11.873114035315323	32.434895833333336	1.668303989887936
20.0	12.032065072615579	11.212121212121213	9.454585644155397	8.787878787878789	9.085682928309364	18.7037037037037	2.2181276133861996
17.27272727272727	10.76974748148939	17.27272727272727	10.76974748148939	0.0	0.0	0.0	0.0
14.848484848484846	9.982410673079674	14.545454545454541	9.726965102216802	0.30303030303030304	1.65976532577323	0.8	1.9369367924460095
17.575757575757574	11.921021885745281	10.000000000000002	8.722961317493073	7.575757575757577	7.948011945882884	21.282051282051285	2.7025890909691577
25.15151515151514	12.78610079405451	6.969696969696971	7.8032712423870425	18.18181818181818	11.936948441792959	42.998846597462524	2.779973228436228
15.45454545454545	13.951428179486284	11.515151515151514	10.923014451335959	3.93939393939394	6.617564016314601	8.971193415637858	2.5720022704305574
15.454545454545448	11.486793437790794	13.333333333333332	10.333105039198827	2.1212121212121215	4.581881209033918	4.149659863945579	2.4256058708571877
26.36363636363636	14.393801902219646	7.87878787878788	8.177753547432793	18.48484848484848	12.285975279266331	29.170370370370367	1.9266527757022496
18.484848484848484	9.982410673079675	11.515151515151514	7.524381698133339	6.969696969696971	7.803271242387043	14.490358126721762	2.537860984529866
24.24242424242424	11.532187804657381	24.24242424242424	11.532187804657381	0.0	0.0	0.0	0.0
16.666666666666664	13.094420752726512	16.666666666666664	13.094420752726512	0.0	0.0	0.0	0.0
16.66666666666666	12.192839568907281	7.87878787878788	8.177753547432795	8.787878787878789	8.43506818144408	19.23611111111111	2.2495180648425093
25.15151515151515	12.332279370317542	6.666666666666668	7.135593206953644	18.484848484848484	10.263924803411996	33.020833333333336	2.267837925417653
15.454545454545448	10.979397270994058	12.424242424242426	9.982410673079674	3.0303030303030307	4.9697479417321295	8.489583333333334	3.248718386781038
13.939393939393938	10.870709213261023	10.909090909090908	8.739281184553139	3.0303030303030307	6.008132293193334	11.833333333333334	2.4506625892678056
30.303030303030297	13.36369678474246	7.87878787878788	8.177753547432793	22.42424242424242	11.129777550488553	38.909465020576135	1.3117962152435525
19.999999999999996	10.515360800617835	9.090909090909092	9.246320503920142	10.909090909090908	8.060755335235193	28.401360544217678	2.401805401104457
16.363636363636356	11.548650607906268	15.151515151515147	10.22219193429099	1.2121212121212122	3.947022595048223	2.037037037037037	2.0546665434557423
14.24242424242424	9.751349610528292	14.24242424242424	9.751349610528292	0.0	0.0	0.9333333333333333	1.7207322686083049
20.303030303030297	9.454585644155397	10.0	8.389900155687167	10.303030303030303	10.333105039198825	21.992110453648916	2.4866802861162136
30.606060606060606	15.5608245587449	6.969696969696971	6.617564016314603	23.636363636363633	13.206387221222792	37.7277970011534	2.2248806188522754
17.878787878787875	11.812956002397605	13.939393939393936	10.605314199739539	3.9393939393939394	6.617564016314601	8.395061728395062	2.413158579936169
12.424242424242424	9.982410673079675	11.818181818181818	9.88679150877513	0.6060606060606061	2.306437560931478	4.965986394557825	1.9086953789098258
29.090909090909086	12.722793658780233	13.636363636363637	10.337700594257774	15.45454545454545	8.657374211714789	49.97037037037037	3.432116528953054
13.636363636363635	8.524686295227054	8.181818181818183	8.389900155687167	5.454545454545455	6.581579170914464	15.3168044077135	2.3946132742716078
21.818181818181817	13.206387221222787	21.818181818181817	13.206387221222787	0.0	0.0	0.0	0.0
18.484848484848484	13.814579082668786	18.484848484848484	13.814579082668786	0.0	0.0	0.0	0.0
17.57575757575757	11.432913178724666	12.121212121212121	10.765336362122907	5.454545454545455	6.133315160574596	14.214876033057857	2.280421701357219
19.09090909090909	11.031187168166802	9.090909090909092	9.549558753434368	9.999999999999998	8.722961317493075	29.777777777777775	2.2782216182842863
15.15151515151515	11.532187804657385	13.93939393939394	12.110758292513427	1.2121212121212122	3.143144578561458	3.6054421768707487	1.831906495857782
15.757575757575752	13.278122606185846	12.727272727272723	11.841067785144675	3.0303030303030307	5.513440316937481	8.47736625514403	2.463453088830641
26.060606060606062	13.235128032629204	8.181818181818183	8.04305881479917	17.878787878787875	13.181187604274024	38.78892733564013	1.953905642746083
19.090909090909083	13.367250486915301	10.0	9.653442014055054	9.090909090909092	8.27016047540622	20.729783037475343	1.8352298018054993
14.545454545454543	10.569424708657815	14.242424242424242	10.319306094641837	0.30303030303030304	1.6597653257732308	0.8	1.6273524086899451
13.333333333333332	11.382951192350776	12.424242424242424	10.804971606545658	0.9090909090909091	2.773896151176044	2.314814814814815	2.3164106887133165
19.999999999999993	11.299190295743006	8.181818181818183	8.043058814799169	11.818181818181815	9.886791508775131	26.224489795918366	2.1918103938124474
31.515151515151512	10.870709213261021	9.393939393939394	7.351971616741153	22.121212121212114	9.14819983267683	39.62962962962963	1.9979281744237052
16.36363636363636	12.032065072615579	12.424242424242424	11.065579105602145	3.93939393939394	5.691475596175388	13.533333333333333	3.4112727257132933
15.454545454545451	12.208411528725447	13.030303030303028	11.370426393554284	2.4242424242424243	5.302657099869771	7.5	3.563048203434806
28.484848484848484	11.873114035315329	8.787878787878789	9.085682928309364	19.696969696969692	11.470241853634485	31.380208333333332	1.9445753966919206
17.57575757575757	9.225750243725907	11.515151515151512	7.894045190096449	6.060606060606061	6.46508183835236	34.9537037037037	3.831218066322832
14.545454545454543	9.726965102216802	14.545454545454543	9.726965102216802	0.0	0.0	0.0	0.0
23.030303030303028	13.866055769840614	23.030303030303028	13.866055769840614	0.0	0.0	0.0	0.0
17.878787878787875	12.515782759652884	10.606060606060606	8.959340515023404	7.272727272727274	9.368793661451107	14.517906336088155	2.032306257092094
16.96969696969697	12.110758292513424	11.212121212121213	9.454585644155397	5.757575757575759	6.953549965973251	63.91111111111112	1.3017982127167815
14.848484848484846	11.812956002397604	13.939393939393938	11.873114035315327	0.9090909090909091	2.773896151176044	4.761904761904761	2.697528784699047
15.15151515151515	14.587191947013707	10.90909090909091	11.79283512933064	4.242424242424243	6.639061303092923	7.613168724279834	3.0428311295322352
26.969696969696965	12.963181597701476	6.969696969696971	6.617564016314602	19.999999999999996	12.722793658780233	38.765859284890425	1.7348302777571234
20.909090909090903	12.666671666340703	10.303030303030303	9.163762418067833	10.606060606060604	11.219038223341043	20.848126232741613	2.420746262574648
13.636363636363631	9.474659096995241	13.33333333333333	9.765951090546908	0.30303030303030304	1.6597653257732305	5.066666666666666	3.7777327020073947
17.27272727272727	11.286572547200008	17.27272727272727	11.286572547200008	0.0	0.0	0.0	0.0
15.454545454545455	12.889693581577466	9.393939393939394	9.69272373081654	6.060606060606061	7.67438412830869	25.50925925925926	4.507652386902995
23.939393939393938	13.395646165196666	9.090909090909092	8.932794262554864	14.848484848484848	11.812956002397604	31.979166666666668	1.80829780657273
16.060606060606055	12.786100794054516	13.636363636363631	11.634698156674379	2.4242424242424243	5.815307544995382	6.197916666666667	2.4442646700590447
14.848484848484846	11.065579105602144	13.939393939393938	10.053528247686742	0.9090909090909091	2.7738961511760443	1.9444444444444444	2.0825349683554313
21.818181818181817	14.639196361325407	8.181818181818183	6.4724243527441	13.636363636363635	10.609791850012819	25.833333333333332	2.349474402575201
15.454545454545455	11.972705731397374	11.818181818181818	10.716694215579299	3.636363636363637	5.649595147871506	11.633333333333333	2.941772083031884
32.72727272727272	15.582176283364522	32.72727272727272	15.582176283364522	0.0	0.0	0.0	0.0
33.33333333333333	14.390501706853051	33.33333333333333	14.390501706853051	0.0	0.0	0.0	0.0
17.272727272727266	12.020216655096183	10.606060606060606	9.867556487620561	6.666666666666668	8.585756140925897	10.866666666666667	2.4457328544635244
19.69696969696969	13.522688856052136	8.787878787878789	9.692723730816539	10.909090909090908	9.668191361104068	27.363945578231288	2.42837971870802
16.666666666666664	13.094420752726515	15.45454545454545	12.889693581577463	1.2121212121212122	3.947022595048223	2.2222222222222223	1.6951587590520258
14.848484848484844	11.32018862327036	13.33333333333333	10.60531419973954	1.5151515151515154	3.4459001980859254	5.677083333333333	2.6428520288249904
14.242424242424242	10.857593532780365	10.000000000000002	10.501801335531255	4.242424242424243	6.194958067827818	62.9296875	3.9628841689043877
16.969696969696965	11.382951192350774	8.787878787878789	7.729884616050129	8.181818181818183	8.722961317493075	18.37962962962963	2.8646226389578637
16.363636363636363	10.782970012536019	16.363636363636363	10.782970012536019	0.0	0.0	0.0	0.0
14.848484848484848	10.263924803411994	14.848484848484848	10.263924803411994	0.0	0.0	0.26666666666666666	1.01483252680985
16.666666666666664	11.470241853634484	9.393939393939394	9.394107929859711	7.272727272727274	8.060755335235195	32.56410256410257	3.4449560988957058
27.878787878787872	9.82413999329053	6.060606060606061	6.46508183835236	21.81818181818181	8.474392721807254	38.82352941176471	2.8970132685748293
14.545454545454541	12.313007160744805	12.121212121212121	11.28236349519938	2.4242424242424243	4.7348223614744365	9.218106995884773	2.2633099826973773
13.636363636363633	10.609791850012819	13.03030303030303	9.751349610528292	0.6060606060606061	3.3195306515464598	3.4013605442176873	2.2947777811673653
23.63636363636363	11.841067785144674	8.787878787878789	9.394107929859713	14.848484848484846	9.394107929859711	29.096296296296295	1.9239994294322942
17.575757575757574	12.389916135655636	11.515151515151512	11.6795176816655	6.060606060606061	7.674384128308691	14.958677685950414	3.0566571652103622
18.18181818181818	12.8564869306645	18.18181818181818	12.8564869306645	0.0	0.0	0.0	0.0
18.48484848484848	12.051786549664016	18.48484848484848	12.051786549664016	0.0	0.0	0.0	0.0
21.21212121212121	11.026880633874956	12.727272727272725	9.429433735684375	8.484848484848486	7.894045190096451	21.944444444444446	3.8236871246095787
26.66666666666666	12.841700856846872	10.303030303030303	8.519112782833114	16.363636363636363	10.515360800617833	35.260416666666664	1.991628379675758
13.636363636363637	9.474659096995243	11.212121212121211	7.803271242387045	2.4242424242424243	4.7348223614744365	6.666666666666667	1.9217121870574316
15.757575757575754	11.180870906515967	10.303030303030303	9.765951090546906	5.454545454545455	6.581579170914464	23.933333333333334	3.0164301043970245
26.363636363636356	11.031187168166802	7.87878787878788	9.163762418067833	18.48484848484848	10.263924803411996	44.197530864197525	2.223286250160724
19.999999999999993	12.49679354713911	9.696969696969697	8.585756140925898	10.303030303030303	8.847311011302333	24.523809523809522	2.2656473951131466
16.36363636363636	10.240760872273562	15.757575757575752	9.824139993290531	0.6060606060606061	2.306437560931478	2.2222222222222223	1.8454551078608883
15.15151515151515	11.776713679374625	14.848484848484846	11.569196168727567	0.30303030303030304	1.6597653257732299	0.9333333333333333	1.7207322686083055
17.878787878787875	9.085682928309367	8.181818181818183	8.389900155687167	9.696969696969697	7.52438169813334	21.518737672583825	2.5366720302711827
22.424242424242422	11.382951192350776	7.272727272727274	7.699100405270846	15.151515151515149	9.348492892934187	35.50173010380623	1.8050810069178216
14.848484848484844	9.982410673079674	11.515151515151514	8.585756140925898	3.333333333333334	5.055031061523049	12.67489711934156	4.048558894764906
14.545454545454545	13.420443098532832	13.03030303030303	11.861106837871317	1.5151515151515154	4.192118521612856	4.557823129251702	2.4374189563384494
22.121212121212118	12.56123974739916	7.272727272727274	7.699100405270845	14.848484848484848	11.32018862327036	28.2962962962963	1.9887579599733725
15.757575757575754	10.658921858237505	8.787878787878789	7.729884616050129	6.969696969696971	9.148199832676832	21.460055096418735	4.860253039446386
19.999999999999996	12.944848705488198	19.999999999999996	12.944848705488198	0.0	0.0	0.0	0.0
23.33333333333333	14.459647634308693	23.33333333333333	14.459647634308693	0.0	0.0	0.0	0.0
19.696969696969695	12.192839568907278	12.727272727272723	12.313007160744807	6.969696969696971	6.171914126585117	18.429752066115707	3.8590217083828575
22.424242424242426	10.870709213261023	7.575757575757577	7.948011945882885	14.848484848484842	9.394107929859711	28.903703703703705	2.496439922953738
15.151515151515149	10.22219193429099	13.939393939393934	10.333105039198827	1.2121212121212122	3.1431445785614587	5.238095238095239	2.9687333271575405
15.151515151515149	10.222191934290992	11.818181818181818	10.170952554312155	3.333333333333334	4.455750162305098	8.971193415637858	2.632591630592146
29.090909090909086	12.032065072615579	8.787878787878789	10.263924803411996	20.303030303030297	10.857593532780365	35.94002306805076	1.7472798124000304
18.181818181818183	10.6767312639037	9.696969696969697	9.529643072208401	8.484848484848486	7.135593206953647	25.108481262327416	2.494436536918314
18.18181818181818	12.40524071310933	17.878787878787875	12.515782759652886	0.30303030303030304	1.6597653257732305	0.5333333333333333	1.3829836145670418
14.54545454545454	10.835698786698863	14.242424242424237	10.591869891524965	0.30303030303030304	1.6597653257732299	2.037037037037037	2.1803201465691693
20.90909090909091	15.12746262239142	9.393939393939394	8.766413448480014	11.515151515151514	11.432913178724665	24.625850340136058	1.8850349067062835
30.606060606060606	13.181187604274026	8.787878787878789	8.090163515129307	21.818181818181813	12.079342524180362	40.93621399176954	1.7126697008165577
13.333333333333327	11.382951192350774	9.393939393939394	9.085682928309366	3.9393939393939394	6.6175640163146	10.366666666666667	2.2511810437976822
15.757575757575756	10.658921858237505	14.242424242424242	10.857593532780365	1.5151515151515154	3.4459001980859254	5.885416666666667	2.584878280611045
23.939393939393934	13.181187604274022	7.272727272727274	8.060755335235195	16.666666666666664	11.21903822334104	38.828125	1.8453565472932139
18.181818181818183	11.197850219117088	9.696969696969697	10.110062123046102	8.484848484848486	7.135593206953647	17.384259259259256	2.9263621314272523
16.36363636363636	11.792835129330639	16.36363636363636	11.792835129330639	0.0	0.0	0.0	0.0
23.93939393939394	16.276909382446107	23.93939393939394	16.276909382446107	0.0	0.0	0.0	0.0
20.3030303030303	12.098986938726673	11.212121212121211	9.14819983267683	9.090909090909092	7.162169065075776	15.234159779614327	2.664178001792735
23.939393939393934	14.616467197227715	8.484848484848486	9.529643072208401	15.454545454545455	9.886791508775131	28.177777777777788	2.3419108897609857
14.848484848484844	12.741446056508082	13.636363636363631	12.576355564838565	1.2121212121212122	3.1431445785614587	3.197278911564626	2.3777667103423394
15.454545454545451	9.594217884429511	12.727272727272725	9.1222031906542	2.7272727272727275	4.863482551108402	10.65843621399177	3.0324499468214876
18.18181818181818	11.197850219117086	7.87878787878788	8.519112782833115	10.303030303030303	7.821510311855933	59.22722029988465	4.247683586916239
15.757575757575754	13.278122606185846	9.696969696969695	7.894045190096451	6.060606060606061	7.67438412830869	47.790927021696255	2.489591711931249
16.06060606060606	10.857593532780367	15.757575757575756	11.180870906515967	0.30303030303030304	1.65976532577323	0.8	1.6273524086899451
17.272727272727266	11.286572547200008	17.272727272727266	11.286572547200008	0.0	0.0	0.0	0.0
18.18181818181818	11.449518725861866	10.303030303030303	9.163762418067833	7.87878787878788	8.519112782833114	17.89351851851852	2.216252558008633
25.15151515151514	12.33227937031754	9.090909090909092	6.7525577518927955	16.060606060606055	11.861106837871317	55.325520833333336	3.38133007937605
15.757575757575756	11.432913178724663	14.24242424242424	11.116967520288748	1.5151515151515154	3.445900198085926	6.09375	2.4739347019440023
15.151515151515145	10.497277621629559	14.848484848484842	10.263924803411992	0.30303030303030304	1.6597653257732308	2.12962962962963	2.022033449429461
21.212121212121207	9.038511483931416	8.181818181818183	8.722961317493072	13.03030303030303	10.319306094641835	26.64965986394557	2.268616833332278
15.151515151515149	12.707852028659019	11.818181818181813	11.235959859237338	3.333333333333334	6.078864867812471	10.6	2.823546315027159
32.42424242424242	16.311888454411964	32.42424242424242	16.311888454411964	0.0	0.0	0.0	0.0
33.030303030303024	14.019351795122017	33.030303030303024	14.019351795122017	0.0	0.0	0.0	0.0
15.454545454545451	10.447387490954371	11.212121212121211	10.039345035948866	4.242424242424243	5.716456589362333	13.433333333333334	2.712465901051627
21.212121212121204	12.251132361301602	10.0	9.353572215717499	11.212121212121211	8.160310754275574	25.119047619047617	2.4105719375825942
13.636363636363631	9.474659096995243	13.030303030303028	9.148199832676829	0.6060606060606061	2.3064375609314767	1.9444444444444449	1.9505923607161286
15.75757575757575	10.110062123046099	13.636363636363633	8.852677897456386	2.1212121212121215	4.581881209033918	6.041666666666667	2.5865062087333355
22.121212121212118	9.751349610528292	7.575757575757577	8.298826628866154	14.545454545454541	9.429433735684375	31.575520833333332	1.9920246228774743
23.33333333333333	12.098986938726675	14.848484848484848	8.766413448480014	8.484848484848486	7.89404519009645	41.8287037037037	4.153408557620626
16.36363636363636	11.044096695308856	16.36363636363636	11.044096695308856	0.0	0.0	0.20833333333333334	1.1410886614690965
15.757575757575756	10.92301445133596	15.757575757575756	10.92301445133596	0.0	0.0	0.9333333333333333	2.0160277319749222
17.575757575757574	10.388117522243018	9.393939393939394	9.692723730816537	8.181818181818183	6.898688754109422	21.775147928994084	1.8214726754816215
25.757575757575754	12.651663756252491	7.575757575757577	9.271969153756972	18.18181818181818	12.405240713109329	37.808535178777404	2.3484683676935174
12.727272727272727	10.835698786698865	10.909090909090908	9.958591954639385	1.8181818181818186	4.402129073740929	8.600823045267488	2.721912734074275
16.363636363636363	11.299190295743006	15.454545454545451	10.979397270994056	0.9090909090909091	2.7738961511760434	3.673469387755102	3.050650280341469
22.121212121212118	12.098986938726675	8.484848484848486	10.110062123046102	13.636363636363631	10.609791850012819	31.748148148148143	2.405282488874069
15.151515151515147	11.776713679374621	10.303030303030303	10.05352824768674	4.848484848484849	6.639061303092925	13.774104683195592	2.429763051771356
19.090909090909086	12.020216655096185	19.090909090909086	12.020216655096185	0.0	0.0	0.0	0.0
15.454545454545451	10.979397270994058	15.454545454545451	10.979397270994058	0.0	0.0	0.0	0.0
14.848484848484842	11.065579105602144	7.272727272727274	8.060755335235193	7.575757575757577	7.580980435789035	22.500000000000004	2.57652152636447
24.545454545454547	10.447387490954373	7.87878787878788	8.519112782833115	16.666666666666664	9.27196915375697	31.744791666666668	1.6185181012609022
16.06060606060606	10.591869891524965	14.848484848484846	10.263924803411996	1.2121212121212122	3.1431445785614587	6.510416666666667	2.597873142304248
15.151515151515147	10.222191934290992	9.393939393939394	9.085682928309362	5.757575757575759	5.5904354532579825	13.533333333333333	3.501067160790809
25.15151515151515	12.786100794054516	7.87878787878788	9.163762418067835	17.272727272727263	11.536305707950435	43.559670781893004	2.9700644522334096
21.212121212121204	11.026880633874958	8.787878787878789	8.766413448480016	12.424242424242424	8.766413448480014	25.425170068027214	2.3858692236372825
13.333333333333334	9.765951090546908	13.333333333333334	9.765951090546908	0.0	0.0	1.4814814814814816	2.0286020648339487
15.151515151515149	12.251132361301599	15.151515151515149	12.251132361301599	0.0	0.0	0.13333333333333333	0.7302967433402211
21.515151515151505	14.221176262161716	10.606060606060604	9.271969153756972	10.90909090909091	10.782970012536023	21.06508875739645	2.469710040675904
24.54545454545454	14.937887931959072	8.181818181818183	6.898688754109423	16.36363636363636	12.266630321149186	40.472895040369096	3.23000291947718
12.12121212121212	12.93016367670472	10.606060606060606	10.429186453628322	1.5151515151515154	4.192118521612856	8.353909465020575	2.504710378508011
11.515151515151514	10.92301445133596	11.212121212121211	10.319306094641835	0.30303030303030304	1.6597653257732299	3.8095238095238093	1.9124538900237609
21.818181818181813	11.597898808332054	8.181818181818183	8.722961317493075	13.636363636363637	10.337700594257774	31.377777777777776	2.6296278308413976
15.151515151515147	8.71751457246153	8.787878787878789	8.090163515129309	6.363636363636364	6.383756816889149	15.151515151515154	2.607437753075356
21.212121212121204	11.026880633874958	21.212121212121204	11.026880633874958	0.0	0.0	0.0	0.0
20.606060606060606	10.923014451335959	20.606060606060606	10.923014451335959	0.0	0.0	0.0	0.0
16.36363636363636	12.032065072615579	10.0	9.653442014055054	6.363636363636364	6.81556898734505	14.132231404958674	2.279905243032997
24.848484848484837	12.157729735624942	9.696969696969697	7.89404519009645	15.15151515151515	10.49727762162956	38.666666666666664	3.7712361663282534
17.57575757575757	12.617830692027088	16.36363636363636	12.266630321149188	1.2121212121212122	3.9470225950482227	4.01360544217687	2.304146384439427
17.878787878787872	11.32018862327036	14.545454545454541	9.726965102216802	3.333333333333334	6.07886486781247	8.353909465020575	2.801836746140845
24.848484848484848	12.617830692027086	7.87878787878788	7.448247715697148	16.969696969696965	9.469644722948868	36.885813148788934	1.7087333047193798
17.27272727272727	11.536305707950435	9.393939393939396	8.43506818144408	7.87878787878788	9.46964472294887	21.4792899408284	2.614794587043336
16.36363636363636	11.299190295743006	16.36363636363636	11.299190295743006	0.0	0.0	0.6666666666666666	1.5161960871578064
14.54545454545454	8.804258147481859	14.242424242424239	9.14819983267683	0.30303030303030304	1.65976532577323	1.666666666666667	1.7262651840718486
20.9090909090909	11.235959859237333	10.000000000000002	8.043058814799169	10.909090909090908	9.368793661451102	29.421768707482986	3.117398431942748
28.484848484848484	9.765951090546906	8.787878787878789	7.729884616050129	19.69696969696969	9.27196915375697	39.46502057613169	1.6526405796537316
13.939393939393934	12.572578314245833	10.000000000000002	11.780746110131172	3.93939393939394	5.166552519599413	11.866666666666667	2.5289132643984797
19.09090909090909	11.536305707950435	15.45454545454545	11.972705731397374	3.636363636363637	6.133315160574598	15.677083333333334	5.722386923730784
16.666666666666664	11.716060673492143	8.181818181818183	9.04376490575476	8.484848484848486	9.225750243725908	50.0390625	5.243143148349476
16.666666666666664	10.152255934543	9.393939393939394	9.394107929859715	7.272727272727274	6.039671262090181	20.578703703703706	2.7566445457134923
19.090909090909083	12.711589082710882	19.090909090909083	12.711589082710882	0.0	0.0	0.0	0.0
23.030303030303035	13.235128032629204	23.030303030303035	13.235128032629204	0.0	0.0	0.0	0.0
13.333333333333334	9.46964472294887	8.181818181818183	6.898688754109423	5.151515151515152	6.171914126585117	14.79338842975207	3.0873241699828253
22.121212121212118	12.561239747399163	7.575757575757577	9.57439509902854	14.545454545454545	10.569424708657817	29.822222222222234	2.517812236628992
15.151515151515149	9.939495883464254	14.242424242424239	9.148199832676829	0.9090909090909091	2.773896151176044	4.081632653061225	2.3968172225089934
14.545454545454545	11.597898808332054	10.909090909090908	10.240760872273562	3.636363636363637	5.1203804361367835	7.65432098765432	2.434840584112405
22.42424242424242	10.870709213261021	9.090909090909092	8.27016047540622	13.333333333333332	10.60531419973954	52.929642445213375	2.865608856135408
19.090909090909097	12.255008688676341	9.393939393939394	11.065579105602145	9.696969696969697	9.5296430722084	21.518737672583832	2.232912965922429
15.151515151515149	9.939495883464254	15.151515151515149	9.939495883464254	0.0	0.0	0.6666666666666666	1.5161960871578068
17.27272727272727	10.769747481489388	17.27272727272727	10.769747481489388	0.0	0.0	0.0	0.0
17.575757575757574	9.529643072208401	10.303030303030305	8.519112782833112	7.272727272727274	6.494402087813697	19.560185185185187	2.906977002006451
22.424242424242422	14.271186413907293	8.484848484848486	11.180870906515967	13.939393939393938	11.873114035315327	45.182291666666664	2.8911952877952642
13.030303030303028	11.370426393554284	12.121212121212121	10.765336362122907	0.9090909090909091	3.6597990903313518	7.135416666666667	2.680804778430811
15.454545454545451	11.235959859237335	15.15151515151515	11.532187804657383	0.30303030303030304	1.6597653257732305	2.407407407407407	2.3899059286226465
22.121212121212114	13.438127179334337	8.484848484848486	7.894045190096451	13.636363636363635	10.60979185001282	23.9795918367347	2.250010172941332
16.06060606060606	11.861106837871317	10.606060606060607	11.219038223341041	5.454545454545455	6.133315160574596	12.633333333333333	2.645534081185242
26.666666666666664	14.703943233482306	25.454545454545453	15.174486244116133	1.2121212121212122	3.1431445785614582	28.333333333333332	8.643647591044012
33.33333333333333	14.587191947013707	33.33333333333333	14.587191947013707	0.0	0.0	0.0	0.0
14.848484848484844	9.692723730816537	10.606060606060606	8.959340515023404	4.242424242424243	5.194058761121509	10.966666666666667	1.9561280074701644
21.81818181818182	10.296266757806219	9.696969696969697	9.225750243725908	12.12121212121212	9.348492892934187	26.224489795918366	2.5337203677387774
15.757575757575752	10.388117522243014	15.151515151515147	10.22219193429099	0.6060606060606061	2.3064375609314762	2.314814814814815	2.737576268479374
14.24242424242424	11.116967520288748	13.636363636363635	10.337700594257774	0.6060606060606061	2.3064375609314767	6.145833333333333	2.493706157970271
19.090909090909083	12.255008688676341	8.181818181818183	7.300105208156713	10.90909090909091	8.739281184553137	51.705729166666664	5.330853949197633
15.151515151515149	11.282363495199375	7.87878787878788	8.519112782833115	7.272727272727274	7.699100405270846	17.361111111111107	2.277801139960558
19.09090909090909	9.944273339103479	19.09090909090909	9.944273339103479	0.0	0.0	0.0	0.0
15.45454545454545	11.48679343779079	15.151515151515147	11.532187804657381	0.30303030303030304	1.65976532577323	0.8	1.6273524086899451
18.484848484848488	11.56919616872757	9.090909090909092	7.549589077612725	9.393939393939394	9.69272373081654	23.25443786982249	2.2951279558391082
26.06060606060606	11.129777550488551	6.363636363636364	8.98052101861274	19.696969696969695	11.470241853634484	37.174163783160324	2.0067215428649914
16.363636363636363	12.266630321149192	12.727272727272727	10.015661716722686	3.636363636363637	5.649595147871507	19.917695473251033	5.265183261184292
15.757575757575754	9.824139993290531	13.636363636363635	9.474659096995241	2.1212121212121215	4.581881209033918	4.285714285714286	2.58978291402969
19.090909090909083	10.501801335531256	7.87878787878788	8.177753547432793	11.212121212121211	8.502370324234679	40.844444444444456	5.047716123035091
19.393939393939387	10.333105039198825	11.515151515151514	10.92301445133596	7.87878787878788	6.194958067827816	18.01652892561984	3.2872091365834546
19.696969696969692	13.094420752726512	19.696969696969692	13.094420752726512	0.0	0.0	0.0	0.0
16.66666666666666	11.219038223341041	16.66666666666666	11.219038223341041	0.0	0.0	0.0	0.0
18.18181818181818	13.920754427068662	9.696969696969697	9.529643072208401	8.484848484848486	8.247155811997605	16.99074074074074	2.451729970771941
21.515151515151516	14.019351795122017	9.090909090909092	8.932794262554864	12.424242424242419	12.051786549664012	48.528645833333336	4.33124884026
14.242424242424239	12.33227937031754	13.33333333333333	12.343828253170232	0.9090909090909091	2.7738961511760434	6.197916666666667	2.7058108832509973
16.96969696969697	10.870709213261021	11.515151515151514	10.388117522243014	5.454545454545455	6.133315160574596	12.0	1.9826836567538004
29.999999999999996	11.7322654677839	6.666666666666668	8.585756140925895	23.333333333333336	11.861106837871318	40.144032921810705	1.6550240061332402
21.51515151515151	10.537921137215667	8.484848484848486	8.247155811997601	13.030303030303028	9.454585644155397	25.714285714285715	2.1125669912540417
16.96969696969697	10.870709213261017	16.666666666666668	10.152255934543	0.30303030303030304	1.6597653257732308	1.851851851851852	2.22859876968265
15.454545454545451	9.886791508775131	15.15151515151515	9.648520554640589	0.30303030303030304	1.65976532577323	0.6666666666666666	1.5161960871578064
15.151515151515147	10.765336362122905	13.33333333333333	10.053528247686742	1.8181818181818186	4.40212907374093	65.24654832347139	4.482017594913653
26.363636363636363	12.255008688676341	8.484848484848486	7.89404519009645	17.878787878787875	12.285975279266335	35.00576701268743	1.7970195844671548
14.848484848484846	8.766413448480014	12.424242424242426	9.085682928309362	2.4242424242424243	4.088876773716398	8.683127572016462	1.9312708504170233
16.666666666666664	9.574395099028537	15.757575757575756	8.9115003246102	0.9090909090909091	2.773896151176044	5.78231292517007	2.789144253012929
23.333333333333325	12.332279370317538	8.181818181818183	6.472424352744101	15.15151515151515	11.776713679374625	29.2	2.0119692925657016
15.151515151515149	12.707852028659017	10.303030303030305	9.765951090546904	4.848484848484849	7.448247715697148	15.234159779614325	2.2521892121349736
21.818181818181817	13.206387221222789	21.818181818181817	13.206387221222789	0.0	0.0	2.9629629629629632	4.997516056764484
20.90909090909091	13.745643627101751	20.90909090909091	13.745643627101751	0.0	0.0	0.0	0.0
27.272727272727266	11.695773107321397	22.12121212121212	12.786100794054516	5.151515151515152	6.171914126585117	49.88980716253443	9.5458174478674
21.818181818181813	12.542319357464702	9.090909090909092	8.607855935890898	12.727272727272725	9.7269651022168	28.592592592592595	1.9047862310676724
14.242424242424244	10.03934503594887	13.636363636363637	10.058251540523164	0.6060606060606061	2.3064375609314767	6.1224489795918355	3.3037845444913447
14.848484848484846	11.32018862327036	11.818181818181818	8.980521018612741	3.0303030303030307	5.513440316937482	10.411522633744855	3.104389295833735
29.696969696969692	13.278122606185843	9.090909090909092	7.918075824648959	20.606060606060602	12.389916135655632	35.82468281430219	1.8393687534028016
16.969696969696965	10.605314199739539	7.87878787878788	7.821510311855933	9.090909090909092	7.918075824648959	23.214990138067062	2.782707053621965
15.757575757575754	10.658921858237505	15.757575757575754	10.658921858237505	0.0	0.0	0.5333333333333333	1.382983614567042
14.24242424242424	10.857593532780365	13.636363636363635	10.058251540523163	0.6060606060606061	2.3064375609314776	2.5	2.949662837627933
20.3030303030303	9.148199832676829	8.787878787878789	8.43506818144408	11.515151515151512	9.225750243725907	28.89455782312925	3.484885217074344
24.848484848484834	13.278122606185843	10.0	8.722961317493075	14.848484848484848	10.263924803411996	56.26543209876544	2.315559692840102
16.666666666666664	9.86755648762056	12.12121212121212	9.348492892934187	4.545454545454546	6.646211613515419	10.866666666666667	2.4315928273789837
16.666666666666664	13.731815008281957	13.939393939393938	11.129777550488555	2.7272727272727275	5.417849393349432	6.510416666666667	2.961320482730092
23.636363636363633	11.09558460470417	6.363636363636364	6.815568987345049	17.27272727272727	11.78074611013117	34.6875	2.174666015528552
17.57575757575757	11.432913178724666	9.393939393939394	8.766413448480014	8.181818181818183	8.389900155687167	18.541666666666668	2.5279803927048925
16.96969696969696	11.129777550488551	16.96969696969696	11.129777550488551	0.0	0.0	0.20833333333333334	1.1410886614690963
19.999999999999996	14.403697951447958	19.999999999999996	14.403697951447958	0.0	0.0	0.0	0.0
15.454545454545451	9.886791508775131	10.0	8.722961317493072	5.454545454545455	6.133315160574596	15.619834710743804	2.238202495816912
22.121212121212114	12.786100794054512	7.272727272727274	6.9193126827944305	14.848484848484844	10.804971606545655	28.04444444444444	2.0825043050381282
16.060606060606055	11.116967520288746	14.545454545454541	10.015661716722686	1.5151515151515151	4.192118521612856	3.8095238095238098	2.6653929467034403
13.030303030303028	11.618357280412615	11.212121212121211	10.857593532780365	1.8181818181818186	3.6985282015680565	8.436213991769547	2.790559182162661
24.54545454545454	12.6666716663407	7.575757575757577	7.948011945882884	16.969696969696965	8.847311011302331	35.75547866205306	1.783760102538596
20.909090909090903	10.170952554312157	9.393939393939394	9.085682928309362	11.515151515151512	8.247155811997601	28.579881656804737	3.8759382284246233
14.848484848484846	9.085682928309362	14.848484848484846	9.085682928309362	0.0	0.0	0.26666666666666666	1.01483252680985
17.27272727272727	11.286572547200008	17.27272727272727	11.286572547200008	0.0	0.0	0.0	0.0
16.060606060606055	10.039345035948868	8.787878787878789	8.090163515129307	7.272727272727274	7.699100405270846	17.569444444444443	2.7606632730395444
25.757575757575754	15.851140911195253	9.09090909090909	10.128836627839194	16.666666666666668	13.522688856052136	34.9609375	2.383265131543405
17.272727272727266	11.286572547200006	15.757575757575754	11.180870906515965	1.5151515151515154	3.445900198085926	6.25	2.8723282188064307
14.24242424242424	10.857593532780365	13.939393939393938	10.60531419973954	0.30303030303030304	1.6597653257732294	2.314814814814815	1.7992201454600123
19.393939393939387	11.630615089990766	10.909090909090908	9.368793661451104	8.484848484848486	9.824139993290535	36.63265306122449	4.622813646361976
18.181818181818176	11.197850219117086	15.151515151515149	10.49727762162956	3.0303030303030307	4.969747941732128	42.03333333333333	2.1412747304501516
31.81818181818181	14.861380960669038	31.81818181818181	14.861380960669038	0.0	0.0	0.0	0.0
